Pool proteomics = false

Data type = PHOSPHOPROTEIN
Expected	Expected	Observed
0.0	0.0	5.217387161467529E-7
0.001256281407035176	0.001256281407035176	9.841878074150943E-6
0.002512562814070352	0.002512562814070352	1.118468015305857E-5
0.0037688442211055275	0.0037688442211055275	1.9019942997127598E-5
0.005025125628140704	0.005025125628140704	2.6594090887910692E-5
0.00628140703517588	0.00628140703517588	7.781968195649835E-5
0.007537688442211055	0.007537688442211055	8.854468750100765E-5
0.008793969849246231	0.008793969849246231	1.1236924131488699E-4
0.010050251256281407	0.010050251256281407	1.2929217856758252E-4
0.011306532663316583	0.011306532663316583	1.3785564941810847E-4
0.01256281407035176	0.01256281407035176	2.601242391958961E-4
0.013819095477386936	0.013819095477386936	3.1008147635734325E-4
0.01507537688442211	0.01507537688442211	3.331875998788643E-4
0.016331658291457288	0.016331658291457288	6.837209184038092E-4
0.017587939698492462	0.017587939698492462	8.083502606801672E-4
0.018844221105527637	0.018844221105527637	8.147826260873396E-4
0.020100502512562814	0.020100502512562814	8.263415417754684E-4
0.02135678391959799	0.02135678391959799	8.539918881085794E-4
0.022613065326633167	0.022613065326633167	0.0011511835005857977
0.02386934673366834	0.02386934673366834	0.0012115720508091479
0.02512562814070352	0.02512562814070352	0.0012636022005984389
0.026381909547738693	0.026381909547738693	0.0014280659350555164
0.02763819095477387	0.02763819095477387	0.0014421349653406686
0.028894472361809045	0.028894472361809045	0.0014975548847806555
0.03015075376884422	0.03015075376884422	0.0015111824041406632
0.031407035175879394	0.031407035175879394	0.0018347389367845946
0.032663316582914576	0.032663316582914576	0.0019942728699077813
0.03391959798994975	0.03391959798994975	0.002161984313054051
0.035175879396984924	0.035175879396984924	0.0023005489825589326
0.0364321608040201	0.0364321608040201	0.0024656773703523238
0.03768844221105527	0.03768844221105527	0.002490173349583657
0.038944723618090454	0.038944723618090454	0.002591558836493437
0.04020100502512563	0.04020100502512563	0.0027414616540052685
0.0414572864321608	0.0414572864321608	0.00290631844699339
0.04271356783919598	0.04271356783919598	0.0029331095611344446
0.04396984924623116	0.04396984924623116	0.003177823794630854
0.04522613065326633	0.04522613065326633	0.0033287167024074926
0.04648241206030151	0.04648241206030151	0.0034034787180149025
0.04773869346733668	0.04773869346733668	0.0035229754460594093
0.048994974874371856	0.048994974874371856	0.0038376732448814014
0.05025125628140704	0.05025125628140704	0.00444412870643558
0.05150753768844221	0.05150753768844221	0.004539598277517282
0.052763819095477386	0.052763819095477386	0.004569249958916436
0.05402010050251256	0.05402010050251256	0.00458050527852383
0.05527638190954774	0.05527638190954774	0.004741076100052235
0.056532663316582916	0.056532663316582916	0.0048437666464282636
0.05778894472361809	0.05778894472361809	0.004994529098576758
0.059045226130653265	0.059045226130653265	0.005377416776193799
0.06030150753768844	0.06030150753768844	0.005864583698108879
0.06155778894472362	0.06155778894472362	0.00609860900962825
0.06281407035175879	0.06281407035175879	0.006228945153429251
0.06407035175879397	0.06407035175879397	0.006345247634620186
0.06532663316582915	0.06532663316582915	0.006874500475212317
0.06658291457286432	0.06658291457286432	0.00713042884027178
0.0678391959798995	0.0678391959798995	0.007141306100631237
0.06909547738693467	0.06909547738693467	0.00718191788838936
0.07035175879396985	0.07035175879396985	0.007778959403006034
0.07160804020100503	0.07160804020100503	0.007948798626224204
0.0728643216080402	0.0728643216080402	0.008198703480916822
0.07412060301507538	0.07412060301507538	0.009129238185650344
0.07537688442211055	0.07537688442211055	0.009203745993889276
0.07663316582914573	0.07663316582914573	0.009684168158834968
0.07788944723618091	0.07788944723618091	0.00996594669167787
0.07914572864321608	0.07914572864321608	0.010187398691281472
0.08040201005025126	0.08040201005025126	0.01081383386229115
0.08165829145728644	0.08165829145728644	0.01101631750054347
0.0829145728643216	0.0829145728643216	0.012765771490202046
0.08417085427135679	0.08417085427135679	0.012947849412876087
0.08542713567839195	0.08542713567839195	0.012966839708671076
0.08668341708542714	0.08668341708542714	0.01311832177255574
0.08793969849246232	0.08793969849246232	0.013441596005617387
0.08919597989949749	0.08919597989949749	0.013538699299308928
0.09045226130653267	0.09045226130653267	0.013575367011717611
0.09170854271356783	0.09170854271356783	0.01496309326117889
0.09296482412060302	0.09296482412060302	0.015023517723012648
0.0942211055276382	0.0942211055276382	0.01506383489104545
0.09547738693467336	0.09547738693467336	0.015147572352329308
0.09673366834170855	0.09673366834170855	0.015281165244682687
0.09798994974874371	0.09798994974874371	0.016383367478923976
0.0992462311557789	0.0992462311557789	0.01653907715872971
0.10050251256281408	0.10050251256281408	0.016689721008284596
0.10175879396984924	0.10175879396984924	0.017194505534283894
0.10301507537688442	0.10301507537688442	0.01744383865881412
0.10427135678391959	0.10427135678391959	0.018688878829696453
0.10552763819095477	0.10552763819095477	0.018761817071156688
0.10678391959798995	0.10678391959798995	0.018785194645886058
0.10804020100502512	0.10804020100502512	0.019840386619008655
0.1092964824120603	0.1092964824120603	0.020004554715895663
0.11055276381909548	0.11055276381909548	0.02033196610478849
0.11180904522613065	0.11180904522613065	0.020739304851930398
0.11306532663316583	0.11306532663316583	0.020748066166789036
0.114321608040201	0.114321608040201	0.02220632094637817
0.11557788944723618	0.11557788944723618	0.02246552872903281
0.11683417085427136	0.11683417085427136	0.022826513561369128
0.11809045226130653	0.11809045226130653	0.023081296645218827
0.11934673366834171	0.11934673366834171	0.023093024804931566
0.12060301507537688	0.12060301507537688	0.02386889194073432
0.12185929648241206	0.12185929648241206	0.024625718138517855
0.12311557788944724	0.12311557788944724	0.024665663960114808
0.12437185929648241	0.12437185929648241	0.024881408588600724
0.12562814070351758	0.12562814070351758	0.026987155330029197
0.12688442211055276	0.12688442211055276	0.02774947337256298
0.12814070351758794	0.12814070351758794	0.0284717391091314
0.12939698492462312	0.12939698492462312	0.02874198522535848
0.1306532663316583	0.1306532663316583	0.02998392129161522
0.13190954773869346	0.13190954773869346	0.03089888261215709
0.13316582914572864	0.13316582914572864	0.031043003925253252
0.13442211055276382	0.13442211055276382	0.03127639673636386
0.135678391959799	0.135678391959799	0.03146895130623571
0.13693467336683418	0.13693467336683418	0.031502160373669055
0.13819095477386933	0.13819095477386933	0.03152922063437099
0.13944723618090452	0.13944723618090452	0.031534302048486666
0.1407035175879397	0.1407035175879397	0.031842476022582965
0.14195979899497488	0.14195979899497488	0.032045415277096756
0.14321608040201006	0.14321608040201006	0.03274744704479093
0.1444723618090452	0.1444723618090452	0.03396268653459579
0.1457286432160804	0.1457286432160804	0.03440922965582657
0.14698492462311558	0.14698492462311558	0.03472529548673317
0.14824120603015076	0.14824120603015076	0.035785369174074454
0.14949748743718594	0.14949748743718594	0.03606382101984438
0.1507537688442211	0.1507537688442211	0.036123478650817026
0.15201005025125627	0.15201005025125627	0.03707385925831749
0.15326633165829145	0.15326633165829145	0.037294524481310404
0.15452261306532664	0.15452261306532664	0.03893114164021109
0.15577889447236182	0.15577889447236182	0.03999285159392758
0.157035175879397	0.157035175879397	0.04041977633070762
0.15829145728643215	0.15829145728643215	0.04239887899678539
0.15954773869346733	0.15954773869346733	0.043150220976678075
0.16080402010050251	0.16080402010050251	0.0433083945478263
0.1620603015075377	0.1620603015075377	0.044217945971723786
0.16331658291457288	0.16331658291457288	0.04456745725413991
0.16457286432160803	0.16457286432160803	0.04466623649109993
0.1658291457286432	0.1658291457286432	0.045637778201651276
0.1670854271356784	0.1670854271356784	0.047127644874506165
0.16834170854271358	0.16834170854271358	0.04731962095710124
0.16959798994974876	0.16959798994974876	0.04749627942762905
0.1708542713567839	0.1708542713567839	0.04804521786807485
0.1721105527638191	0.1721105527638191	0.0486342718648698
0.17336683417085427	0.17336683417085427	0.0488840640996312
0.17462311557788945	0.17462311557788945	0.049422752101498386
0.17587939698492464	0.17587939698492464	0.05025347699046487
0.1771356783919598	0.1771356783919598	0.050593470286208767
0.17839195979899497	0.17839195979899497	0.052532327637808005
0.17964824120603015	0.17964824120603015	0.053073317679438715
0.18090452261306533	0.18090452261306533	0.0532647829963114
0.18216080402010051	0.18216080402010051	0.05388993987994685
0.18341708542713567	0.18341708542713567	0.055569625569336936
0.18467336683417085	0.18467336683417085	0.05588190778436907
0.18592964824120603	0.18592964824120603	0.05648702728729319
0.1871859296482412	0.1871859296482412	0.056506735730195615
0.1884422110552764	0.1884422110552764	0.05701377639556317
0.18969849246231155	0.18969849246231155	0.060227554382855354
0.19095477386934673	0.19095477386934673	0.06163902061753765
0.1922110552763819	0.1922110552763819	0.062051118572515815
0.1934673366834171	0.1934673366834171	0.06208824413163128
0.19472361809045227	0.19472361809045227	0.06465749073886141
0.19597989949748743	0.19597989949748743	0.06467923397398335
0.1972361809045226	0.1972361809045226	0.06517494862040031
0.1984924623115578	0.1984924623115578	0.06518968982988645
0.19974874371859297	0.19974874371859297	0.06779809869565777
0.20100502512562815	0.20100502512562815	0.06906332349040605
0.2022613065326633	0.2022613065326633	0.06992935333500101
0.20351758793969849	0.20351758793969849	0.07033688901899936
0.20477386934673367	0.20477386934673367	0.0706956852802091
0.20603015075376885	0.20603015075376885	0.07301193451681467
0.20728643216080403	0.20728643216080403	0.0731444227538525
0.20854271356783918	0.20854271356783918	0.07346033440562831
0.20979899497487436	0.20979899497487436	0.07356872922214346
0.21105527638190955	0.21105527638190955	0.07419581395484956
0.21231155778894473	0.21231155778894473	0.07439808357428754
0.2135678391959799	0.2135678391959799	0.07480213890135672
0.21482412060301506	0.21482412060301506	0.07496432224948708
0.21608040201005024	0.21608040201005024	0.07516687457592244
0.21733668341708542	0.21733668341708542	0.07760062653477813
0.2185929648241206	0.2185929648241206	0.07810517170705143
0.2198492462311558	0.2198492462311558	0.08081559737676727
0.22110552763819097	0.22110552763819097	0.08211892924534547
0.22236180904522612	0.22236180904522612	0.08233155609092407
0.2236180904522613	0.2236180904522613	0.08283899664764807
0.22487437185929648	0.22487437185929648	0.08422377903420838
0.22613065326633167	0.22613065326633167	0.08474970479462737
0.22738693467336685	0.22738693467336685	0.0850090293558756
0.228643216080402	0.228643216080402	0.08514881065289351
0.22989949748743718	0.22989949748743718	0.08623753549988342
0.23115577889447236	0.23115577889447236	0.08814566693200211
0.23241206030150754	0.23241206030150754	0.08861840140474128
0.23366834170854273	0.23366834170854273	0.0886434121935009
0.23492462311557788	0.23492462311557788	0.08875449485868826
0.23618090452261306	0.23618090452261306	0.08881487843279477
0.23743718592964824	0.23743718592964824	0.08902891825721956
0.23869346733668342	0.23869346733668342	0.09119433411176792
0.2399497487437186	0.2399497487437186	0.09133328593132142
0.24120603015075376	0.24120603015075376	0.09144076188165738
0.24246231155778894	0.24246231155778894	0.0916633729828247
0.24371859296482412	0.24371859296482412	0.09287871973677353
0.2449748743718593	0.2449748743718593	0.09394178854117675
0.24623115577889448	0.24623115577889448	0.0946289646224457
0.24748743718592964	0.24748743718592964	0.09485325414639541
0.24874371859296482	0.24874371859296482	0.0966776342652258
0.25	0.25	0.09728744163311609
0.25125628140703515	0.25125628140703515	0.09837817125198466
0.25251256281407036	0.25251256281407036	0.09873154915313773
0.2537688442211055	0.2537688442211055	0.10045313012188278
0.2550251256281407	0.2550251256281407	0.10103867381904501
0.2562814070351759	0.2562814070351759	0.10138944877316372
0.25753768844221103	0.25753768844221103	0.10154848318944215
0.25879396984924624	0.25879396984924624	0.10183204612507449
0.2600502512562814	0.2600502512562814	0.10276070191273437
0.2613065326633166	0.2613065326633166	0.10303418245337932
0.26256281407035176	0.26256281407035176	0.1054119788583991
0.2638190954773869	0.2638190954773869	0.10589401807888744
0.2650753768844221	0.2650753768844221	0.10660646659855232
0.2663316582914573	0.2663316582914573	0.10766747514060013
0.2675879396984925	0.2675879396984925	0.10774881459641662
0.26884422110552764	0.26884422110552764	0.10815969183873662
0.2701005025125628	0.2701005025125628	0.10842896617780326
0.271356783919598	0.271356783919598	0.10964428460138932
0.27261306532663315	0.27261306532663315	0.10972879837194859
0.27386934673366836	0.27386934673366836	0.11050535516140284
0.2751256281407035	0.2751256281407035	0.11140391950434587
0.27638190954773867	0.27638190954773867	0.11352969759947741
0.2776381909547739	0.2776381909547739	0.11364813303182955
0.27889447236180903	0.27889447236180903	0.11408741801299219
0.28015075376884424	0.28015075376884424	0.11630275036423544
0.2814070351758794	0.2814070351758794	0.11680014329701921
0.28266331658291455	0.28266331658291455	0.11716029116993712
0.28391959798994976	0.28391959798994976	0.11756836824451958
0.2851758793969849	0.2851758793969849	0.11985735340968452
0.2864321608040201	0.2864321608040201	0.1199531067355084
0.2876884422110553	0.2876884422110553	0.12017688552118044
0.2889447236180904	0.2889447236180904	0.12033422839089782
0.29020100502512564	0.29020100502512564	0.12046013094638378
0.2914572864321608	0.2914572864321608	0.1209072368911839
0.292713567839196	0.292713567839196	0.12141403941844953
0.29396984924623115	0.29396984924623115	0.12184806224571412
0.2952261306532663	0.2952261306532663	0.12212184206322485
0.2964824120603015	0.2964824120603015	0.12349644501670046
0.29773869346733667	0.29773869346733667	0.12429443351912044
0.2989949748743719	0.2989949748743719	0.125091397169303
0.30025125628140703	0.30025125628140703	0.12531090916114968
0.3015075376884422	0.3015075376884422	0.12584427383307098
0.3027638190954774	0.3027638190954774	0.1290188220259894
0.30402010050251255	0.30402010050251255	0.129307199935863
0.30527638190954776	0.30527638190954776	0.13112948810354036
0.3065326633165829	0.3065326633165829	0.13172176910006822
0.30778894472361806	0.30778894472361806	0.13215458198625754
0.30904522613065327	0.30904522613065327	0.13477998650610126
0.3103015075376884	0.3103015075376884	0.13483968980741431
0.31155778894472363	0.31155778894472363	0.13508633025143313
0.3128140703517588	0.3128140703517588	0.135295872871272
0.314070351758794	0.314070351758794	0.13638463534008152
0.31532663316582915	0.31532663316582915	0.1380638355955569
0.3165829145728643	0.3165829145728643	0.1381358472765777
0.3178391959798995	0.3178391959798995	0.13822506657384448
0.31909547738693467	0.31909547738693467	0.13885810316563296
0.3203517587939699	0.3203517587939699	0.13930168634412893
0.32160804020100503	0.32160804020100503	0.1402810413723996
0.3228643216080402	0.3228643216080402	0.1412778529161357
0.3241206030150754	0.3241206030150754	0.14136864212208022
0.32537688442211055	0.32537688442211055	0.14172361665557875
0.32663316582914576	0.32663316582914576	0.14364917534129718
0.3278894472361809	0.3278894472361809	0.14406994615511837
0.32914572864321606	0.32914572864321606	0.14580467335595942
0.33040201005025127	0.33040201005025127	0.1464587448494429
0.3316582914572864	0.3316582914572864	0.14790254785712956
0.33291457286432163	0.33291457286432163	0.14824937950121528
0.3341708542713568	0.3341708542713568	0.14959322014410387
0.33542713567839194	0.33542713567839194	0.1518443719245884
0.33668341708542715	0.33668341708542715	0.15252535471103248
0.3379396984924623	0.3379396984924623	0.15309075249591908
0.3391959798994975	0.3391959798994975	0.153571440484238
0.34045226130653267	0.34045226130653267	0.15392242983602286
0.3417085427135678	0.3417085427135678	0.15437146399688487
0.34296482412060303	0.34296482412060303	0.1548858819323868
0.3442211055276382	0.3442211055276382	0.1561475947624815
0.3454773869346734	0.3454773869346734	0.15680413492847792
0.34673366834170855	0.34673366834170855	0.15745043153620944
0.3479899497487437	0.3479899497487437	0.1575721349452399
0.3492462311557789	0.3492462311557789	0.15785711133766073
0.35050251256281406	0.35050251256281406	0.15869494291517441
0.35175879396984927	0.35175879396984927	0.15976207317251717
0.3530150753768844	0.3530150753768844	0.16162298810054004
0.3542713567839196	0.3542713567839196	0.16524951425044979
0.3555276381909548	0.3555276381909548	0.16660915994318545
0.35678391959798994	0.35678391959798994	0.16672099852462452
0.35804020100502515	0.35804020100502515	0.16686210375288893
0.3592964824120603	0.3592964824120603	0.16689566324828534
0.36055276381909546	0.36055276381909546	0.16753465363069703
0.36180904522613067	0.36180904522613067	0.16849952687551442
0.3630653266331658	0.3630653266331658	0.16977363108407031
0.36432160804020103	0.36432160804020103	0.1726609982287885
0.3655778894472362	0.3655778894472362	0.17282843056755282
0.36683417085427134	0.36683417085427134	0.17379277902072945
0.36809045226130654	0.36809045226130654	0.17408665354743758
0.3693467336683417	0.3693467336683417	0.17523758929942446
0.3706030150753769	0.3706030150753769	0.17543597448839424
0.37185929648241206	0.37185929648241206	0.17572510043666295
0.3731155778894472	0.3731155778894472	0.17665422059265004
0.3743718592964824	0.3743718592964824	0.17771874814521382
0.3756281407035176	0.3756281407035176	0.1778270794197293
0.3768844221105528	0.3768844221105528	0.17899343521035557
0.37814070351758794	0.37814070351758794	0.18200957705284038
0.3793969849246231	0.3793969849246231	0.18260522522170586
0.3806532663316583	0.3806532663316583	0.1829328304974155
0.38190954773869346	0.38190954773869346	0.18309184498824788
0.38316582914572866	0.38316582914572866	0.1842622733371404
0.3844221105527638	0.3844221105527638	0.1882492908481923
0.38567839195979897	0.38567839195979897	0.18850232599607375
0.3869346733668342	0.3869346733668342	0.18870877040203352
0.38819095477386933	0.38819095477386933	0.18967163517710242
0.38944723618090454	0.38944723618090454	0.19012056396038868
0.3907035175879397	0.3907035175879397	0.19190031089810744
0.39195979899497485	0.39195979899497485	0.19335811729986685
0.39321608040201006	0.39321608040201006	0.19511468727937853
0.3944723618090452	0.3944723618090452	0.19699092533018708
0.3957286432160804	0.3957286432160804	0.1973615584186153
0.3969849246231156	0.3969849246231156	0.19810963573752693
0.39824120603015073	0.39824120603015073	0.19891331471559626
0.39949748743718594	0.39949748743718594	0.199479055959345
0.4007537688442211	0.4007537688442211	0.19991673686916434
0.4020100502512563	0.4020100502512563	0.20097813541215803
0.40326633165829145	0.40326633165829145	0.20169958484451123
0.4045226130653266	0.4045226130653266	0.2052552121525344
0.4057788944723618	0.4057788944723618	0.20636198118563043
0.40703517587939697	0.40703517587939697	0.20724056464028762
0.4082914572864322	0.4082914572864322	0.2072867899412816
0.40954773869346733	0.40954773869346733	0.207836489053572
0.4108040201005025	0.4108040201005025	0.20786072600535554
0.4120603015075377	0.4120603015075377	0.2082846901342208
0.41331658291457285	0.41331658291457285	0.20846924414082602
0.41457286432160806	0.41457286432160806	0.20939021207031927
0.4158291457286432	0.4158291457286432	0.21041269182893185
0.41708542713567837	0.41708542713567837	0.21073486178062045
0.4183417085427136	0.4183417085427136	0.21093770075140528
0.41959798994974873	0.41959798994974873	0.21175275633892565
0.42085427135678394	0.42085427135678394	0.21415141132325
0.4221105527638191	0.4221105527638191	0.2161463977276789
0.42336683417085424	0.42336683417085424	0.21688933784849504
0.42462311557788945	0.42462311557788945	0.21784041070355614
0.4258793969849246	0.4258793969849246	0.2187124125886225
0.4271356783919598	0.4271356783919598	0.21953516751391558
0.42839195979899497	0.42839195979899497	0.22072844665797742
0.4296482412060301	0.4296482412060301	0.2214314257640615
0.43090452261306533	0.43090452261306533	0.222329995651398
0.4321608040201005	0.4321608040201005	0.22235939215367506
0.4334170854271357	0.4334170854271357	0.222566149016439
0.43467336683417085	0.43467336683417085	0.2227819081983732
0.435929648241206	0.435929648241206	0.22452201632754398
0.4371859296482412	0.4371859296482412	0.22482354230451285
0.43844221105527637	0.43844221105527637	0.22774187886022135
0.4396984924623116	0.4396984924623116	0.22827752765640008
0.44095477386934673	0.44095477386934673	0.22831536527000862
0.44221105527638194	0.44221105527638194	0.2288400658845356
0.4434673366834171	0.4434673366834171	0.22898633118798517
0.44472361809045224	0.44472361809045224	0.22920742583321274
0.44597989949748745	0.44597989949748745	0.2303034640406028
0.4472361809045226	0.4472361809045226	0.2306401882544596
0.4484924623115578	0.4484924623115578	0.23141659146543186
0.44974874371859297	0.44974874371859297	0.23196902059078983
0.4510050251256281	0.4510050251256281	0.23372102263152894
0.45226130653266333	0.45226130653266333	0.23372521476637706
0.4535175879396985	0.4535175879396985	0.23376173964072122
0.4547738693467337	0.4547738693467337	0.2349510535214544
0.45603015075376885	0.45603015075376885	0.23495395211331738
0.457286432160804	0.457286432160804	0.23701123301167493
0.4585427135678392	0.4585427135678392	0.23959985455162572
0.45979899497487436	0.45979899497487436	0.24004321023834269
0.4610552763819096	0.4610552763819096	0.24092352785629376
0.4623115577889447	0.4623115577889447	0.24147503976461948
0.4635678391959799	0.4635678391959799	0.24468008073530112
0.4648241206030151	0.4648241206030151	0.24718819618550936
0.46608040201005024	0.46608040201005024	0.24991673540562032
0.46733668341708545	0.46733668341708545	0.25164069674417167
0.4685929648241206	0.4685929648241206	0.2525365637486161
0.46984924623115576	0.46984924623115576	0.25311509938191845
0.47110552763819097	0.47110552763819097	0.25351839846809154
0.4723618090452261	0.4723618090452261	0.2535560907925178
0.47361809045226133	0.47361809045226133	0.25383070113235096
0.4748743718592965	0.4748743718592965	0.25475612804928355
0.47613065326633164	0.47613065326633164	0.2550217040568914
0.47738693467336685	0.47738693467336685	0.2554168995297371
0.478643216080402	0.478643216080402	0.26021471458680534
0.4798994974874372	0.4798994974874372	0.2604449946242009
0.48115577889447236	0.48115577889447236	0.2606436180007198
0.4824120603015075	0.4824120603015075	0.26120221408367916
0.4836683417085427	0.4836683417085427	0.2648655538379616
0.4849246231155779	0.4849246231155779	0.2671593392471594
0.4861809045226131	0.4861809045226131	0.2680884789586929
0.48743718592964824	0.48743718592964824	0.2681065012088143
0.4886934673366834	0.4886934673366834	0.26997938204577765
0.4899497487437186	0.4899497487437186	0.2712344814920832
0.49120603015075376	0.49120603015075376	0.2721964603186289
0.49246231155778897	0.49246231155778897	0.2727563895523819
0.4937185929648241	0.4937185929648241	0.2746414549787414
0.4949748743718593	0.4949748743718593	0.27470030210645313
0.4962311557788945	0.4962311557788945	0.2749948646654908
0.49748743718592964	0.49748743718592964	0.2751518243001746
0.49874371859296485	0.49874371859296485	0.27578551618772323
0.5	0.5	0.27664221668255384
0.5012562814070352	0.5012562814070352	0.27672433115261846
0.5025125628140703	0.5025125628140703	0.2773632329030653
0.5037688442211056	0.5037688442211056	0.2796240748943053
0.5050251256281407	0.5050251256281407	0.2797440923536806
0.5062814070351759	0.5062814070351759	0.2837214350003881
0.507537688442211	0.507537688442211	0.2868706064049472
0.5087939698492462	0.5087939698492462	0.2921381208456507
0.5100502512562815	0.5100502512562815	0.2921728289979649
0.5113065326633166	0.5113065326633166	0.2932253263339179
0.5125628140703518	0.5125628140703518	0.2943457175687565
0.5138190954773869	0.5138190954773869	0.29577354404475487
0.5150753768844221	0.5150753768844221	0.29644718636996314
0.5163316582914573	0.5163316582914573	0.29671423190197177
0.5175879396984925	0.5175879396984925	0.29962936184930655
0.5188442211055276	0.5188442211055276	0.3042797247703003
0.5201005025125628	0.5201005025125628	0.3054642007440883
0.5213567839195979	0.5213567839195979	0.3057093990941374
0.5226130653266332	0.5226130653266332	0.3061803643561315
0.5238693467336684	0.5238693467336684	0.30674598976415357
0.5251256281407035	0.5251256281407035	0.30731507840168415
0.5263819095477387	0.5263819095477387	0.3086657027956742
0.5276381909547738	0.5276381909547738	0.3089826177915146
0.5288944723618091	0.5288944723618091	0.30980770789694956
0.5301507537688442	0.5301507537688442	0.31013711622739726
0.5314070351758794	0.5314070351758794	0.31107519908764913
0.5326633165829145	0.5326633165829145	0.31467686921328253
0.5339195979899497	0.5339195979899497	0.31748516624129985
0.535175879396985	0.535175879396985	0.31852293684359934
0.5364321608040201	0.5364321608040201	0.3188195181011748
0.5376884422110553	0.5376884422110553	0.3197488947164995
0.5389447236180904	0.5389447236180904	0.3210099037878258
0.5402010050251256	0.5402010050251256	0.3239020266935282
0.5414572864321608	0.5414572864321608	0.3272507131263801
0.542713567839196	0.542713567839196	0.32798683713440546
0.5439698492462312	0.5439698492462312	0.3291900176093442
0.5452261306532663	0.5452261306532663	0.3294067710442816
0.5464824120603015	0.5464824120603015	0.3303300015597196
0.5477386934673367	0.5477386934673367	0.3329403591399662
0.5489949748743719	0.5489949748743719	0.3405108612835879
0.550251256281407	0.550251256281407	0.3432529732769488
0.5515075376884422	0.5515075376884422	0.34532351553355434
0.5527638190954773	0.5527638190954773	0.3461991959335061
0.5540201005025126	0.5540201005025126	0.34623686898820094
0.5552763819095478	0.5552763819095478	0.3466865117788951
0.5565326633165829	0.5565326633165829	0.34839915065872284
0.5577889447236181	0.5577889447236181	0.35232805907745246
0.5590452261306532	0.5590452261306532	0.352651732142781
0.5603015075376885	0.5603015075376885	0.3536398487575647
0.5615577889447236	0.5615577889447236	0.3540362523624937
0.5628140703517588	0.5628140703517588	0.3544567437634407
0.5640703517587939	0.5640703517587939	0.35930398538982533
0.5653266331658291	0.5653266331658291	0.35935204560438705
0.5665829145728644	0.5665829145728644	0.35979486574747266
0.5678391959798995	0.5678391959798995	0.3598779741217527
0.5690954773869347	0.5690954773869347	0.36168507534946137
0.5703517587939698	0.5703517587939698	0.36188190855384994
0.571608040201005	0.571608040201005	0.36630051611777104
0.5728643216080402	0.5728643216080402	0.366612355733858
0.5741206030150754	0.5741206030150754	0.3717399415871012
0.5753768844221105	0.5753768844221105	0.3722288600379734
0.5766331658291457	0.5766331658291457	0.3737226204630887
0.5778894472361809	0.5778894472361809	0.37804366010076085
0.5791457286432161	0.5791457286432161	0.3802220657619412
0.5804020100502513	0.5804020100502513	0.38277767047754474
0.5816582914572864	0.5816582914572864	0.38365938996610893
0.5829145728643216	0.5829145728643216	0.38453967864947536
0.5841708542713567	0.5841708542713567	0.38493424777122776
0.585427135678392	0.585427135678392	0.3902405613295631
0.5866834170854272	0.5866834170854272	0.39318074431213534
0.5879396984924623	0.5879396984924623	0.39319932238579436
0.5891959798994975	0.5891959798994975	0.3936079202521445
0.5904522613065326	0.5904522613065326	0.39423885069432785
0.5917085427135679	0.5917085427135679	0.3947254819453214
0.592964824120603	0.592964824120603	0.396483904739813
0.5942211055276382	0.5942211055276382	0.398099254611738
0.5954773869346733	0.5954773869346733	0.3984802783009681
0.5967336683417085	0.5967336683417085	0.3989423700631288
0.5979899497487438	0.5979899497487438	0.4009060796531775
0.5992462311557789	0.5992462311557789	0.40139568777158585
0.6005025125628141	0.6005025125628141	0.40329394117705175
0.6017587939698492	0.6017587939698492	0.4049225482340776
0.6030150753768844	0.6030150753768844	0.4074875032858396
0.6042713567839196	0.6042713567839196	0.40797827022637256
0.6055276381909548	0.6055276381909548	0.4082110109786745
0.6067839195979899	0.6067839195979899	0.4087696093219594
0.6080402010050251	0.6080402010050251	0.4089195368441778
0.6092964824120602	0.6092964824120602	0.4091372918388797
0.6105527638190955	0.6105527638190955	0.411874047755442
0.6118090452261307	0.6118090452261307	0.4171891150885465
0.6130653266331658	0.6130653266331658	0.4178909217751642
0.614321608040201	0.614321608040201	0.42041391005267204
0.6155778894472361	0.6155778894472361	0.4209820117499966
0.6168341708542714	0.6168341708542714	0.4215965329763911
0.6180904522613065	0.6180904522613065	0.42209774600516314
0.6193467336683417	0.6193467336683417	0.42229899870777377
0.6206030150753769	0.6206030150753769	0.426106856543771
0.621859296482412	0.621859296482412	0.42617619583085775
0.6231155778894473	0.6231155778894473	0.4263916692383213
0.6243718592964824	0.6243718592964824	0.42683030436575264
0.6256281407035176	0.6256281407035176	0.4283103587600403
0.6268844221105527	0.6268844221105527	0.42901157986531346
0.628140703517588	0.628140703517588	0.42988099576586714
0.6293969849246231	0.6293969849246231	0.43387331784470295
0.6306532663316583	0.6306532663316583	0.43539260502263044
0.6319095477386935	0.6319095477386935	0.4364548599083684
0.6331658291457286	0.6331658291457286	0.43797082637366136
0.6344221105527639	0.6344221105527639	0.4385096322739136
0.635678391959799	0.635678391959799	0.4389793706406321
0.6369346733668342	0.6369346733668342	0.44137165931589484
0.6381909547738693	0.6381909547738693	0.44615749512315817
0.6394472361809045	0.6394472361809045	0.4483627229231152
0.6407035175879398	0.6407035175879398	0.44903122008197416
0.6419597989949749	0.6419597989949749	0.45128556971741696
0.6432160804020101	0.6432160804020101	0.45182593748544064
0.6444723618090452	0.6444723618090452	0.452471257379059
0.6457286432160804	0.6457286432160804	0.4536130763459818
0.6469849246231156	0.6469849246231156	0.45467819495292416
0.6482412060301508	0.6482412060301508	0.4549440301450568
0.6494974874371859	0.6494974874371859	0.45608063018969436
0.6507537688442211	0.6507537688442211	0.45827642665911783
0.6520100502512562	0.6520100502512562	0.4584674596703774
0.6532663316582915	0.6532663316582915	0.4600425282050191
0.6545226130653267	0.6545226130653267	0.4647292535143013
0.6557788944723618	0.6557788944723618	0.466363552459516
0.657035175879397	0.657035175879397	0.46968960118828107
0.6582914572864321	0.6582914572864321	0.47128169375041473
0.6595477386934674	0.6595477386934674	0.47325721435742085
0.6608040201005025	0.6608040201005025	0.4740411870374145
0.6620603015075377	0.6620603015075377	0.47630135039453225
0.6633165829145728	0.6633165829145728	0.47662477430695316
0.664572864321608	0.664572864321608	0.47785900982499696
0.6658291457286433	0.6658291457286433	0.47843140055893707
0.6670854271356784	0.6670854271356784	0.47949881068218037
0.6683417085427136	0.6683417085427136	0.4804217294598693
0.6695979899497487	0.6695979899497487	0.4856087511000653
0.6708542713567839	0.6708542713567839	0.48610747980717817
0.6721105527638191	0.6721105527638191	0.4866678921306491
0.6733668341708543	0.6733668341708543	0.49080038431204986
0.6746231155778895	0.6746231155778895	0.4913276936595621
0.6758793969849246	0.6758793969849246	0.49529328177947785
0.6771356783919598	0.6771356783919598	0.4971528955569017
0.678391959798995	0.678391959798995	0.4987399858091286
0.6796482412060302	0.6796482412060302	0.5038971831892973
0.6809045226130653	0.6809045226130653	0.5040470274063944
0.6821608040201005	0.6821608040201005	0.5057084838174646
0.6834170854271356	0.6834170854271356	0.5076257611098708
0.6846733668341709	0.6846733668341709	0.5079314677013205
0.6859296482412061	0.6859296482412061	0.5136754475699428
0.6871859296482412	0.6871859296482412	0.5148250210026746
0.6884422110552764	0.6884422110552764	0.5172051168242178
0.6896984924623115	0.6896984924623115	0.517282891342997
0.6909547738693468	0.6909547738693468	0.5218837405853205
0.6922110552763819	0.6922110552763819	0.5229065017445804
0.6934673366834171	0.6934673366834171	0.5244843841529736
0.6947236180904522	0.6947236180904522	0.5252996656940536
0.6959798994974874	0.6959798994974874	0.5268918003096166
0.6972361809045227	0.6972361809045227	0.5272337675187759
0.6984924623115578	0.6984924623115578	0.5309969004671937
0.699748743718593	0.699748743718593	0.5312101525960127
0.7010050251256281	0.7010050251256281	0.5323796297257533
0.7022613065326633	0.7022613065326633	0.5342115727614882
0.7035175879396985	0.7035175879396985	0.5347050356209824
0.7047738693467337	0.7047738693467337	0.5357100612148469
0.7060301507537688	0.7060301507537688	0.535754724884532
0.707286432160804	0.707286432160804	0.5359600072264179
0.7085427135678392	0.7085427135678392	0.5364492364533957
0.7097989949748744	0.7097989949748744	0.5412165119959688
0.7110552763819096	0.7110552763819096	0.5429596485833195
0.7123115577889447	0.7123115577889447	0.5480004397474159
0.7135678391959799	0.7135678391959799	0.5507174912453711
0.714824120603015	0.714824120603015	0.5548267052403227
0.7160804020100503	0.7160804020100503	0.5556780400718435
0.7173366834170855	0.7173366834170855	0.5580889313643662
0.7185929648241206	0.7185929648241206	0.5589643093778405
0.7198492462311558	0.7198492462311558	0.5607092135783642
0.7211055276381909	0.7211055276381909	0.5611532596751885
0.7223618090452262	0.7223618090452262	0.561831730167073
0.7236180904522613	0.7236180904522613	0.5630622092707316
0.7248743718592965	0.7248743718592965	0.5639068181356666
0.7261306532663316	0.7261306532663316	0.5661319215013103
0.7273869346733668	0.7273869346733668	0.5668025231661031
0.7286432160804021	0.7286432160804021	0.5688624314272847
0.7298994974874372	0.7298994974874372	0.5708282303596834
0.7311557788944724	0.7311557788944724	0.5720887249003791
0.7324120603015075	0.7324120603015075	0.5726740571915112
0.7336683417085427	0.7336683417085427	0.5736121978427062
0.7349246231155779	0.7349246231155779	0.5754930393301163
0.7361809045226131	0.7361809045226131	0.5764829679432526
0.7374371859296482	0.7374371859296482	0.5770658301711882
0.7386934673366834	0.7386934673366834	0.5774524946327457
0.7399497487437185	0.7399497487437185	0.5778817851575739
0.7412060301507538	0.7412060301507538	0.5814397467366945
0.742462311557789	0.742462311557789	0.5823862369781746
0.7437185929648241	0.7437185929648241	0.5878489190870988
0.7449748743718593	0.7449748743718593	0.5884202794287938
0.7462311557788944	0.7462311557788944	0.6026127396531625
0.7474874371859297	0.7474874371859297	0.6063545283905115
0.7487437185929648	0.7487437185929648	0.6066742087073582
0.75	0.75	0.6069010729303852
0.7512562814070352	0.7512562814070352	0.6100489209250372
0.7525125628140703	0.7525125628140703	0.6110326620680291
0.7537688442211056	0.7537688442211056	0.6117543388193885
0.7550251256281407	0.7550251256281407	0.6118882642853003
0.7562814070351759	0.7562814070351759	0.6157646627582032
0.757537688442211	0.757537688442211	0.6167919348329212
0.7587939698492462	0.7587939698492462	0.6170355037615414
0.7600502512562815	0.7600502512562815	0.6176704395649091
0.7613065326633166	0.7613065326633166	0.619808933702088
0.7625628140703518	0.7625628140703518	0.6206743939723762
0.7638190954773869	0.7638190954773869	0.6207506483710798
0.7650753768844221	0.7650753768844221	0.6210337486038121
0.7663316582914573	0.7663316582914573	0.622807827700992
0.7675879396984925	0.7675879396984925	0.6253150365045773
0.7688442211055276	0.7688442211055276	0.6273210209008784
0.7701005025125628	0.7701005025125628	0.6275935029643902
0.7713567839195979	0.7713567839195979	0.6289992860429919
0.7726130653266332	0.7726130653266332	0.6293935495393206
0.7738693467336684	0.7738693467336684	0.632930519048392
0.7751256281407035	0.7751256281407035	0.6349947140454835
0.7763819095477387	0.7763819095477387	0.6359918003616425
0.7776381909547738	0.7776381909547738	0.6370686829771945
0.7788944723618091	0.7788944723618091	0.6410472802153252
0.7801507537688442	0.7801507537688442	0.6459619736556181
0.7814070351758794	0.7814070351758794	0.6488016132792653
0.7826633165829145	0.7826633165829145	0.6492952770392881
0.7839195979899497	0.7839195979899497	0.6493680780132123
0.785175879396985	0.785175879396985	0.6557976073095972
0.7864321608040201	0.7864321608040201	0.6599504852850027
0.7876884422110553	0.7876884422110553	0.6605752002378373
0.7889447236180904	0.7889447236180904	0.6614871398439137
0.7902010050251256	0.7902010050251256	0.6655072385281564
0.7914572864321608	0.7914572864321608	0.670680203521554
0.792713567839196	0.792713567839196	0.6728454081759505
0.7939698492462312	0.7939698492462312	0.6731943972829394
0.7952261306532663	0.7952261306532663	0.673321023235024
0.7964824120603015	0.7964824120603015	0.677440803460897
0.7977386934673367	0.7977386934673367	0.6777935437037756
0.7989949748743719	0.7989949748743719	0.6811618217472226
0.800251256281407	0.800251256281407	0.6815039162665438
0.8015075376884422	0.8015075376884422	0.6815902583879607
0.8027638190954773	0.8027638190954773	0.6816300525686485
0.8040201005025126	0.8040201005025126	0.6827957287881924
0.8052763819095478	0.8052763819095478	0.6829515662978476
0.8065326633165829	0.8065326633165829	0.6830337673344993
0.8077889447236181	0.8077889447236181	0.6859540618657906
0.8090452261306532	0.8090452261306532	0.6874594193505306
0.8103015075376885	0.8103015075376885	0.6895589059240745
0.8115577889447236	0.8115577889447236	0.6918048091611444
0.8128140703517588	0.8128140703517588	0.6918551845535582
0.8140703517587939	0.8140703517587939	0.697422783546168
0.8153266331658291	0.8153266331658291	0.6974270490126995
0.8165829145728644	0.8165829145728644	0.6981089056747674
0.8178391959798995	0.8178391959798995	0.6986149954945077
0.8190954773869347	0.8190954773869347	0.6999842461536026
0.8203517587939698	0.8203517587939698	0.7015601846227961
0.821608040201005	0.821608040201005	0.7033618886197561
0.8228643216080402	0.8228643216080402	0.7069682273039255
0.8241206030150754	0.8241206030150754	0.7102739518196666
0.8253768844221105	0.8253768844221105	0.712173487061017
0.8266331658291457	0.8266331658291457	0.7146781388648833
0.8278894472361809	0.8278894472361809	0.7187631757102527
0.8291457286432161	0.8291457286432161	0.7195168041370418
0.8304020100502513	0.8304020100502513	0.7243650675353654
0.8316582914572864	0.8316582914572864	0.7273604295514778
0.8329145728643216	0.8329145728643216	0.7277731762422135
0.8341708542713567	0.8341708542713567	0.7288819280539862
0.835427135678392	0.835427135678392	0.7297888096253131
0.8366834170854272	0.8366834170854272	0.734040406998032
0.8379396984924623	0.8379396984924623	0.7374806471409788
0.8391959798994975	0.8391959798994975	0.7387840880052539
0.8404522613065326	0.8404522613065326	0.7528528113160186
0.8417085427135679	0.8417085427135679	0.7545875856029953
0.842964824120603	0.842964824120603	0.7570159397206873
0.8442211055276382	0.8442211055276382	0.7572389163513553
0.8454773869346733	0.8454773869346733	0.7588050600531113
0.8467336683417085	0.8467336683417085	0.7621566646052798
0.8479899497487438	0.8479899497487438	0.7625282237892614
0.8492462311557789	0.8492462311557789	0.7636450423025909
0.8505025125628141	0.8505025125628141	0.7687462473720073
0.8517587939698492	0.8517587939698492	0.7705525886118054
0.8530150753768844	0.8530150753768844	0.7712266816898317
0.8542713567839196	0.8542713567839196	0.7713289881202718
0.8555276381909548	0.8555276381909548	0.7724814554990782
0.8567839195979899	0.8567839195979899	0.773043126815009
0.8580402010050251	0.8580402010050251	0.7732815603810667
0.8592964824120602	0.8592964824120602	0.7749249558419317
0.8605527638190955	0.8605527638190955	0.775343937764319
0.8618090452261307	0.8618090452261307	0.7783695030626047
0.8630653266331658	0.8630653266331658	0.7838671630461778
0.864321608040201	0.864321608040201	0.7885481617222051
0.8655778894472361	0.8655778894472361	0.7902868080351199
0.8668341708542714	0.8668341708542714	0.7915736216829421
0.8680904522613065	0.8680904522613065	0.792937784449987
0.8693467336683417	0.8693467336683417	0.7932685184141317
0.8706030150753769	0.8706030150753769	0.7932923008696761
0.871859296482412	0.871859296482412	0.79534030846275
0.8731155778894473	0.8731155778894473	0.7959058894632232
0.8743718592964824	0.8743718592964824	0.7966055776168481
0.8756281407035176	0.8756281407035176	0.8070879144321454
0.8768844221105527	0.8768844221105527	0.80767507773131
0.878140703517588	0.878140703517588	0.8115148592064088
0.8793969849246231	0.8793969849246231	0.8139399314992217
0.8806532663316583	0.8806532663316583	0.8150617915792595
0.8819095477386935	0.8819095477386935	0.8159809178237469
0.8831658291457286	0.8831658291457286	0.8186492529400828
0.8844221105527639	0.8844221105527639	0.8226624063733278
0.885678391959799	0.885678391959799	0.8234505199508539
0.8869346733668342	0.8869346733668342	0.8258454330885924
0.8881909547738693	0.8881909547738693	0.8288768115934411
0.8894472361809045	0.8894472361809045	0.8303438020180767
0.8907035175879398	0.8907035175879398	0.8331690722493301
0.8919597989949749	0.8919597989949749	0.8384559068211768
0.8932160804020101	0.8932160804020101	0.8391515488857042
0.8944723618090452	0.8944723618090452	0.8407676105585365
0.8957286432160804	0.8957286432160804	0.8428882681890892
0.8969849246231156	0.8969849246231156	0.8449635883301623
0.8982412060301508	0.8982412060301508	0.8459172034353803
0.8994974874371859	0.8994974874371859	0.8461528975345942
0.9007537688442211	0.9007537688442211	0.8472258782727431
0.9020100502512562	0.9020100502512562	0.8507183638575322
0.9032663316582915	0.9032663316582915	0.8513029114652648
0.9045226130653267	0.9045226130653267	0.8520312159777874
0.9057788944723618	0.9057788944723618	0.8533775265466275
0.907035175879397	0.907035175879397	0.8628168528934527
0.9082914572864321	0.9082914572864321	0.8657363039075876
0.9095477386934674	0.9095477386934674	0.8669578654649628
0.9108040201005025	0.9108040201005025	0.8699684739616467
0.9120603015075377	0.9120603015075377	0.8701073343805643
0.9133165829145728	0.9133165829145728	0.8732290125327599
0.914572864321608	0.914572864321608	0.8734755257065945
0.9158291457286433	0.9158291457286433	0.8741572002258755
0.9170854271356784	0.9170854271356784	0.8747425679314667
0.9183417085427136	0.9183417085427136	0.8769257466777011
0.9195979899497487	0.9195979899497487	0.8792119549306207
0.9208542713567839	0.9208542713567839	0.8816867402779387
0.9221105527638191	0.9221105527638191	0.8830490949861085
0.9233668341708543	0.9233668341708543	0.8874075781713248
0.9246231155778895	0.9246231155778895	0.8885001826917448
0.9258793969849246	0.9258793969849246	0.8891213061462313
0.9271356783919598	0.9271356783919598	0.8919949550158152
0.928391959798995	0.928391959798995	0.8920092025599917
0.9296482412060302	0.9296482412060302	0.8947478030303136
0.9309045226130653	0.9309045226130653	0.895599918949817
0.9321608040201005	0.9321608040201005	0.8995553188328882
0.9334170854271356	0.9334170854271356	0.9052481819822217
0.9346733668341709	0.9346733668341709	0.9081613194767568
0.9359296482412061	0.9359296482412061	0.9181695575308219
0.9371859296482412	0.9371859296482412	0.9210812672495325
0.9384422110552764	0.9384422110552764	0.9224911276931123
0.9396984924623115	0.9396984924623115	0.922808760576586
0.9409547738693468	0.9409547738693468	0.9247936147570238
0.9422110552763819	0.9422110552763819	0.9278094520415072
0.9434673366834171	0.9434673366834171	0.9301007910268941
0.9447236180904522	0.9447236180904522	0.9308948408545834
0.9459798994974874	0.9459798994974874	0.9324365279335062
0.9472361809045227	0.9472361809045227	0.9328967872091196
0.9484924623115578	0.9484924623115578	0.9350140139544196
0.949748743718593	0.949748743718593	0.9355647708306644
0.9510050251256281	0.9510050251256281	0.9360916826357308
0.9522613065326633	0.9522613065326633	0.9366666489624585
0.9535175879396985	0.9535175879396985	0.9442007451873812
0.9547738693467337	0.9547738693467337	0.9488895390127967
0.9560301507537688	0.9560301507537688	0.9496346203120966
0.957286432160804	0.957286432160804	0.9501810507342585
0.9585427135678392	0.9585427135678392	0.9543085703705849
0.9597989949748744	0.9597989949748744	0.9565180120698541
0.9610552763819096	0.9610552763819096	0.9574253031031428
0.9623115577889447	0.9623115577889447	0.9584597489180793
0.9635678391959799	0.9635678391959799	0.9599862074021186
0.964824120603015	0.964824120603015	0.961678153003599
0.9660804020100503	0.9660804020100503	0.962152055135252
0.9673366834170855	0.9673366834170855	0.965892799801546
0.9685929648241206	0.9685929648241206	0.9667774653165205
0.9698492462311558	0.9698492462311558	0.9683690103601905
0.9711055276381909	0.9711055276381909	0.9712132883524537
0.9723618090452262	0.9723618090452262	0.9712563787906128
0.9736180904522613	0.9736180904522613	0.9720782611494998
0.9748743718592965	0.9748743718592965	0.9723955922659133
0.9761306532663316	0.9761306532663316	0.9725053719751169
0.9773869346733668	0.9773869346733668	0.9725242622613286
0.9786432160804021	0.9786432160804021	0.9748421280046686
0.9798994974874372	0.9798994974874372	0.9755427231241385
0.9811557788944724	0.9811557788944724	0.976488880982979
0.9824120603015075	0.9824120603015075	0.9768726458931575
0.9836683417085427	0.9836683417085427	0.9772593144066133
0.9849246231155779	0.9849246231155779	0.9828527208152545
0.9861809045226131	0.9861809045226131	0.9828988550853643
0.9874371859296482	0.9874371859296482	0.9835670574789602
0.9886934673366834	0.9886934673366834	0.9841015317212651
0.9899497487437185	0.9899497487437185	0.9845427288885809
0.9912060301507538	0.9912060301507538	0.9852957036069552
0.992462311557789	0.992462311557789	0.9872868206575217
0.9937185929648241	0.9937185929648241	0.9905076604471971
0.9949748743718593	0.9949748743718593	0.9906343696648809
0.9962311557788944	0.9962311557788944	0.9928670902710397
0.9974874371859297	0.9974874371859297	0.9954215000359551
0.9987437185929648	0.9987437185929648	0.9994972977693285
Data type = PROTEIN
Expected	Expected	Observed
0.0	0.0	0.3529726474765388
0.2	0.2	0.45062277772661596
0.4	0.4	0.6305833173067021
0.6	0.6	0.7540546850021486
0.8	0.8	0.7864826144539059