Pool proteomics = false

Data type = PHOSPHOPROTEIN
Expected	Expected	Observed
0.0	0.0	2.4170592910492107E-8
8.326394671107411E-4	8.326394671107411E-4	1.2575556578419944E-6
0.0016652789342214821	0.0016652789342214821	1.7282797162703686E-6
0.002497918401332223	0.002497918401332223	4.266090977948391E-6
0.0033305578684429643	0.0033305578684429643	6.834855051187325E-6
0.004163197335553705	0.004163197335553705	7.158657235372759E-6
0.004995836802664446	0.004995836802664446	7.267283991859615E-6
0.005828476269775187	0.005828476269775187	8.374033705095965E-6
0.006661115736885929	0.006661115736885929	8.41028470699672E-6
0.00749375520399667	0.00749375520399667	8.874863887111144E-6
0.00832639467110741	0.00832639467110741	9.386111196636257E-6
0.009159034138218152	0.009159034138218152	9.804469129831354E-6
0.009991673605328892	0.009991673605328892	2.2909796687985064E-5
0.010824313072439634	0.010824313072439634	2.3904432251464948E-5
0.011656952539550375	0.011656952539550375	2.8268387392979628E-5
0.012489592006661115	0.012489592006661115	3.380382765505113E-5
0.013322231473771857	0.013322231473771857	3.5284212577829E-5
0.014154870940882597	0.014154870940882597	3.8602912956402514E-5
0.01498751040799334	0.01498751040799334	4.456536104095209E-5
0.01582014987510408	0.01582014987510408	4.636025073143022E-5
0.01665278934221482	0.01665278934221482	5.223278364784031E-5
0.017485428809325562	0.017485428809325562	5.3262023135154E-5
0.018318068276436304	0.018318068276436304	5.3939860753289885E-5
0.019150707743547043	0.019150707743547043	5.780305948273828E-5
0.019983347210657785	0.019983347210657785	6.27454619145855E-5
0.020815986677768527	0.020815986677768527	6.617982872018814E-5
0.02164862614487927	0.02164862614487927	6.633730795248862E-5
0.022481265611990008	0.022481265611990008	7.122212545536721E-5
0.02331390507910075	0.02331390507910075	7.593095061486792E-5
0.02414654454621149	0.02414654454621149	7.593095061486792E-5
0.02497918401332223	0.02497918401332223	9.277866929499503E-5
0.025811823480432972	0.025811823480432972	9.458625752651784E-5
0.026644462947543714	0.026644462947543714	9.736943541443112E-5
0.027477102414654453	0.027477102414654453	9.908388776941706E-5
0.028309741881765195	0.028309741881765195	1.1241669383226369E-4
0.029142381348875937	0.029142381348875937	1.1326892789205772E-4
0.02997502081598668	0.02997502081598668	1.3071205856587053E-4
0.030807660283097418	0.030807660283097418	1.390226260945589E-4
0.03164029975020816	0.03164029975020816	1.4067057725817498E-4
0.0324729392173189	0.0324729392173189	1.4573746074457287E-4
0.03330557868442964	0.03330557868442964	1.5081007698380163E-4
0.03413821815154038	0.03413821815154038	1.5126704519173763E-4
0.034970857618651124	0.034970857618651124	1.5171578192068027E-4
0.035803497085761866	0.035803497085761866	1.6784338951735808E-4
0.03663613655287261	0.03663613655287261	1.880706827757665E-4
0.03746877601998335	0.03746877601998335	1.9121366761228758E-4
0.038301415487094086	0.038301415487094086	2.0654984061360535E-4
0.03913405495420483	0.03913405495420483	2.294304734644699E-4
0.03996669442131557	0.03996669442131557	2.4563211047901745E-4
0.04079933388842631	0.04079933388842631	2.459867859309452E-4
0.041631973355537054	0.041631973355537054	2.5539921427852283E-4
0.042464612822647796	0.042464612822647796	2.6173380195827507E-4
0.04329725228975854	0.04329725228975854	2.6516440794991985E-4
0.04412989175686927	0.04412989175686927	2.714649913334825E-4
0.044962531223980015	0.044962531223980015	2.8957540218054124E-4
0.04579517069109076	0.04579517069109076	3.299891324471692E-4
0.0466278101582015	0.0466278101582015	3.381900258578663E-4
0.04746044962531224	0.04746044962531224	4.074929125679245E-4
0.04829308909242298	0.04829308909242298	4.173363817627591E-4
0.049125728559533725	0.049125728559533725	4.53348342821498E-4
0.04995836802664446	0.04995836802664446	4.622977576479336E-4
0.0507910074937552	0.0507910074937552	5.027318501726004E-4
0.051623646960865945	0.051623646960865945	5.099494639092428E-4
0.05245628642797669	0.05245628642797669	5.318854939718486E-4
0.05328892589508743	0.05328892589508743	5.549994143448034E-4
0.05412156536219817	0.05412156536219817	5.774847168532903E-4
0.054954204829308906	0.054954204829308906	5.893016913155599E-4
0.05578684429641965	0.05578684429641965	6.131183961614929E-4
0.05661948376353039	0.05661948376353039	6.294963500129478E-4
0.05745212323064113	0.05745212323064113	6.349603662794607E-4
0.058284762697751874	0.058284762697751874	6.381740437456791E-4
0.059117402164862616	0.059117402164862616	6.445348789357081E-4
0.05995004163197336	0.05995004163197336	6.466552438180606E-4
0.06078268109908409	0.06078268109908409	6.529955830097408E-4
0.061615320566194835	0.061615320566194835	6.728083191020979E-4
0.06244796003330558	0.06244796003330558	6.995336170891686E-4
0.06328059950041633	0.06328059950041633	7.830217911530543E-4
0.06411323896752706	0.06411323896752706	8.604123579051122E-4
0.0649458784346378	0.0649458784346378	8.78420284001304E-4
0.06577851790174855	0.06577851790174855	9.001789349004183E-4
0.06661115736885928	0.06661115736885928	9.084453900034828E-4
0.06744379683597003	0.06744379683597003	9.597412508961851E-4
0.06827643630308076	0.06827643630308076	9.703649328129201E-4
0.06910907577019151	0.06910907577019151	0.001057992714222667
0.06994171523730225	0.06994171523730225	0.001098852558611544
0.07077435470441298	0.07077435470441298	0.001101521045841547
0.07160699417152373	0.07160699417152373	0.0012163547993596525
0.07243963363863447	0.07243963363863447	0.0012388494592962566
0.07327227310574522	0.07327227310574522	0.001255804399534404
0.07410491257285595	0.07410491257285595	0.0012732764502643192
0.0749375520399667	0.0749375520399667	0.0013019050980154253
0.07577019150707744	0.07577019150707744	0.0013449035422530618
0.07660283097418817	0.07660283097418817	0.0013813695865505504
0.07743547044129892	0.07743547044129892	0.0013876439381894931
0.07826810990840966	0.07826810990840966	0.00144715428981046
0.0791007493755204	0.0791007493755204	0.0014904335634446837
0.07993338884263114	0.07993338884263114	0.0015513439077826327
0.08076602830974189	0.08076602830974189	0.0015595542267469568
0.08159866777685262	0.08159866777685262	0.0015733624216276232
0.08243130724396336	0.08243130724396336	0.001583571530865558
0.08326394671107411	0.08326394671107411	0.0016776502219772533
0.08409658617818484	0.08409658617818484	0.0017849925386276859
0.08492922564529559	0.08492922564529559	0.0018253042868618553
0.08576186511240633	0.08576186511240633	0.0018463450192673391
0.08659450457951708	0.08659450457951708	0.0018560840646745704
0.08742714404662781	0.08742714404662781	0.0018583055675370458
0.08825978351373855	0.08825978351373855	0.0018947688519487613
0.0890924229808493	0.0890924229808493	0.001961877820923045
0.08992506244796003	0.08992506244796003	0.002011410804437519
0.09075770191507078	0.09075770191507078	0.0021022607247484365
0.09159034138218151	0.09159034138218151	0.002173262772465128
0.09242298084929226	0.09242298084929226	0.002232809077102255
0.093255620316403	0.093255620316403	0.002266971300025442
0.09408825978351373	0.09408825978351373	0.00227139304584829
0.09492089925062448	0.09492089925062448	0.00232099335280204
0.09575353871773522	0.09575353871773522	0.002405106696591422
0.09658617818484597	0.09658617818484597	0.002412420783620855
0.0974188176519567	0.0974188176519567	0.002446397709672999
0.09825145711906745	0.09825145711906745	0.0025428317115705618
0.09908409658617819	0.09908409658617819	0.0026541725101572435
0.09991673605328892	0.09991673605328892	0.002774987285407462
0.10074937552039967	0.10074937552039967	0.0027889463925944665
0.1015820149875104	0.1015820149875104	0.0028326968631479533
0.10241465445462115	0.10241465445462115	0.003017711909082876
0.10324729392173189	0.10324729392173189	0.0030206434312312455
0.10407993338884262	0.10407993338884262	0.003082922122535227
0.10491257285595337	0.10491257285595337	0.0031080770221754246
0.10574521232306411	0.10574521232306411	0.0031950049864725594
0.10657785179017486	0.10657785179017486	0.003200811631962966
0.10741049125728559	0.10741049125728559	0.0033091437630442997
0.10824313072439634	0.10824313072439634	0.0034137355740970947
0.10907577019150708	0.10907577019150708	0.003497452691322548
0.10990840965861781	0.10990840965861781	0.0037768919279839233
0.11074104912572856	0.11074104912572856	0.003871392253667279
0.1115736885928393	0.1115736885928393	0.004034784016524495
0.11240632805995004	0.11240632805995004	0.004190432239351529
0.11323896752706078	0.11323896752706078	0.004204157345985467
0.11407160699417153	0.11407160699417153	0.004211549337202759
0.11490424646128226	0.11490424646128226	0.00437985942897196
0.115736885928393	0.115736885928393	0.004466360970678052
0.11656952539550375	0.11656952539550375	0.00452104002326578
0.11740216486261448	0.11740216486261448	0.004533789634417527
0.11823480432972523	0.11823480432972523	0.0045409329471806075
0.11906744379683597	0.11906744379683597	0.004556929493104611
0.11990008326394672	0.11990008326394672	0.004582090012295653
0.12073272273105745	0.12073272273105745	0.0047735534528569575
0.12156536219816819	0.12156536219816819	0.004826267709360074
0.12239800166527894	0.12239800166527894	0.004884262523997897
0.12323064113238967	0.12323064113238967	0.004912274932638196
0.12406328059950042	0.12406328059950042	0.004937931639154091
0.12489592006661115	0.12489592006661115	0.004989641661980589
0.1257285595337219	0.1257285595337219	0.005100807281478884
0.12656119900083265	0.12656119900083265	0.005151957173068773
0.1273938384679434	0.1273938384679434	0.005246914771051867
0.12822647793505412	0.12822647793505412	0.005399691988336966
0.12905911740216486	0.12905911740216486	0.005483127110003743
0.1298917568692756	0.1298917568692756	0.005491052364777435
0.13072439633638636	0.13072439633638636	0.0055061745752998156
0.1315570358034971	0.1315570358034971	0.0058794282197319366
0.13238967527060783	0.13238967527060783	0.005936652650227544
0.13322231473771856	0.13322231473771856	0.005989647300710665
0.1340549542048293	0.1340549542048293	0.006004426667939457
0.13488759367194006	0.13488759367194006	0.006083395310289412
0.1357202331390508	0.1357202331390508	0.00610622954779071
0.13655287260616153	0.13655287260616153	0.0062528493595014395
0.13738551207327226	0.13738551207327226	0.006709736626002716
0.13821815154038303	0.13821815154038303	0.0067780065647480995
0.13905079100749376	0.13905079100749376	0.006839855590178264
0.1398834304746045	0.1398834304746045	0.007473799948929614
0.14071606994171523	0.14071606994171523	0.007503201042750389
0.14154870940882597	0.14154870940882597	0.007541811253485367
0.14238134887593673	0.14238134887593673	0.007586503983651018
0.14321398834304747	0.14321398834304747	0.00763807019148063
0.1440466278101582	0.1440466278101582	0.007778443643442296
0.14487926727726894	0.14487926727726894	0.008100327433250403
0.14571190674437967	0.14571190674437967	0.008161495414215557
0.14654454621149043	0.14654454621149043	0.0082733832439416
0.14737718567860117	0.14737718567860117	0.008295763389624419
0.1482098251457119	0.1482098251457119	0.008464636948872282
0.14904246461282264	0.14904246461282264	0.008479895236377403
0.1498751040799334	0.1498751040799334	0.00855117030364739
0.15070774354704414	0.15070774354704414	0.008572613540101033
0.15154038301415487	0.15154038301415487	0.008578701979857786
0.1523730224812656	0.1523730224812656	0.008775991678981692
0.15320566194837634	0.15320566194837634	0.009003214040253596
0.1540383014154871	0.1540383014154871	0.009389527833368744
0.15487094088259784	0.15487094088259784	0.009454498306739638
0.15570358034970858	0.15570358034970858	0.009591759794555526
0.1565362198168193	0.1565362198168193	0.009604234891776354
0.15736885928393005	0.15736885928393005	0.009946167350089513
0.1582014987510408	0.1582014987510408	0.01006361401976994
0.15903413821815154	0.15903413821815154	0.01015888493164203
0.15986677768526228	0.15986677768526228	0.010279832510951282
0.16069941715237301	0.16069941715237301	0.010459113780119473
0.16153205661948378	0.16153205661948378	0.010526989190120685
0.1623646960865945	0.1623646960865945	0.010552227605375514
0.16319733555370525	0.16319733555370525	0.010720725247798298
0.16402997502081598	0.16402997502081598	0.010746811346777692
0.16486261448792672	0.16486261448792672	0.010807760461111912
0.16569525395503748	0.16569525395503748	0.010899334346701494
0.16652789342214822	0.16652789342214822	0.010962482451300286
0.16736053288925895	0.16736053288925895	0.011076833929954039
0.16819317235636969	0.16819317235636969	0.011133876303363634
0.16902581182348042	0.16902581182348042	0.011870216760709224
0.16985845129059118	0.16985845129059118	0.011917134005650806
0.17069109075770192	0.17069109075770192	0.012529690535296139
0.17152373022481265	0.17152373022481265	0.012771250754194807
0.1723563696919234	0.1723563696919234	0.013110069516413905
0.17318900915903415	0.17318900915903415	0.013515752781932875
0.1740216486261449	0.1740216486261449	0.013564140017538919
0.17485428809325562	0.17485428809325562	0.01376924106439414
0.17568692756036636	0.17568692756036636	0.013837879579037288
0.1765195670274771	0.1765195670274771	0.014247803212471438
0.17735220649458786	0.17735220649458786	0.014255649754514273
0.1781848459616986	0.1781848459616986	0.01428064593172842
0.17901748542880933	0.17901748542880933	0.014303398839081405
0.17985012489592006	0.17985012489592006	0.014334159623015201
0.1806827643630308	0.1806827643630308	0.014841244798182733
0.18151540383014156	0.18151540383014156	0.015018542193198339
0.1823480432972523	0.1823480432972523	0.015079975259170725
0.18318068276436303	0.18318068276436303	0.01522156448055166
0.18401332223147376	0.18401332223147376	0.015742735226071513
0.18484596169858453	0.18484596169858453	0.01582104116030621
0.18567860116569526	0.18567860116569526	0.015925170205881668
0.186511240632806	0.186511240632806	0.015995337868922332
0.18734388009991673	0.18734388009991673	0.016042134742273464
0.18817651956702747	0.18817651956702747	0.016124856678512104
0.18900915903413823	0.18900915903413823	0.01623396551564579
0.18984179850124897	0.18984179850124897	0.016235556620158506
0.1906744379683597	0.1906744379683597	0.016235556620158506
0.19150707743547044	0.19150707743547044	0.016415383912896615
0.19233971690258117	0.19233971690258117	0.01646724700749851
0.19317235636969193	0.19317235636969193	0.016546167277607913
0.19400499583680267	0.19400499583680267	0.016827699006782725
0.1948376353039134	0.1948376353039134	0.01688536089979268
0.19567027477102414	0.19567027477102414	0.017050448438532605
0.1965029142381349	0.1965029142381349	0.017341873446252883
0.19733555370524564	0.19733555370524564	0.017451517443745665
0.19816819317235637	0.19816819317235637	0.017465883831125247
0.1990008326394671	0.1990008326394671	0.017481772518532904
0.19983347210657784	0.19983347210657784	0.017531685710482383
0.2006661115736886	0.2006661115736886	0.01790345619316795
0.20149875104079934	0.20149875104079934	0.018378229084645547
0.20233139050791007	0.20233139050791007	0.01846343368739005
0.2031640299750208	0.2031640299750208	0.01856768275175185
0.20399666944213155	0.20399666944213155	0.019107075607144
0.2048293089092423	0.2048293089092423	0.01912573983082845
0.20566194837635304	0.20566194837635304	0.019212479634560492
0.20649458784346378	0.20649458784346378	0.019621617627905208
0.2073272273105745	0.2073272273105745	0.01964238137767728
0.20815986677768525	0.20815986677768525	0.019700849346808724
0.208992506244796	0.208992506244796	0.019792284459641964
0.20982514571190675	0.20982514571190675	0.019792284459641964
0.21065778517901748	0.21065778517901748	0.020470116917835558
0.21149042464612822	0.21149042464612822	0.02051797812243653
0.21232306411323898	0.21232306411323898	0.020598853316378493
0.21315570358034971	0.21315570358034971	0.020654287126565994
0.21398834304746045	0.21398834304746045	0.020667393740843757
0.21482098251457118	0.21482098251457118	0.020837213411579254
0.21565362198168192	0.21565362198168192	0.020899436022846083
0.21648626144879268	0.21648626144879268	0.021004774187629666
0.21731890091590342	0.21731890091590342	0.021418825877344297
0.21815154038301415	0.21815154038301415	0.021492468906152366
0.2189841798501249	0.2189841798501249	0.02150270624596695
0.21981681931723562	0.21981681931723562	0.021623961098264866
0.2206494587843464	0.2206494587843464	0.021674058129056543
0.22148209825145712	0.22148209825145712	0.021918713569598115
0.22231473771856786	0.22231473771856786	0.021946951913185173
0.2231473771856786	0.2231473771856786	0.02210241056528451
0.22398001665278935	0.22398001665278935	0.022117883015479217
0.2248126561199001	0.2248126561199001	0.02226076965929466
0.22564529558701082	0.22564529558701082	0.023352731851214267
0.22647793505412156	0.22647793505412156	0.023900569998205105
0.2273105745212323	0.2273105745212323	0.023910264369211363
0.22814321398834306	0.22814321398834306	0.024030755595961864
0.2289758534554538	0.2289758534554538	0.024117055913347257
0.22980849292256453	0.22980849292256453	0.024198410012416655
0.23064113238967526	0.23064113238967526	0.024306945211048998
0.231473771856786	0.231473771856786	0.024319614193546363
0.23230641132389676	0.23230641132389676	0.024781188415317824
0.2331390507910075	0.2331390507910075	0.024819639201466036
0.23397169025811823	0.23397169025811823	0.025059224084557546
0.23480432972522897	0.23480432972522897	0.025261859705962907
0.23563696919233973	0.23563696919233973	0.025454046700839724
0.23646960865945046	0.23646960865945046	0.02561374245620175
0.2373022481265612	0.2373022481265612	0.025627688048283557
0.23813488759367193	0.23813488759367193	0.026099222643102504
0.23896752706078267	0.23896752706078267	0.02629298680439858
0.23980016652789343	0.23980016652789343	0.026510691645116286
0.24063280599500417	0.24063280599500417	0.026731882730179127
0.2414654454621149	0.2414654454621149	0.02717806017040332
0.24229808492922564	0.24229808492922564	0.02732315670829317
0.24313072439633637	0.24313072439633637	0.027782050762999604
0.24396336386344714	0.24396336386344714	0.027885897058810078
0.24479600333055787	0.24479600333055787	0.02870412146275168
0.2456286427976686	0.2456286427976686	0.029161287372599442
0.24646128226477934	0.24646128226477934	0.03005159674538644
0.2472939217318901	0.2472939217318901	0.030107156052079965
0.24812656119900084	0.24812656119900084	0.03057820380074416
0.24895920066611157	0.24895920066611157	0.030653844383646888
0.2497918401332223	0.2497918401332223	0.031201901018263204
0.25062447960033307	0.25062447960033307	0.031244699427434366
0.2514571190674438	0.2514571190674438	0.03125528425810148
0.25228975853455454	0.25228975853455454	0.03139644200596345
0.2531223980016653	0.2531223980016653	0.03167081868572516
0.253955037468776	0.253955037468776	0.03232008177237847
0.2547876769358868	0.2547876769358868	0.03248538178617973
0.2556203164029975	0.2556203164029975	0.03291743826773596
0.25645295587010825	0.25645295587010825	0.0331311804000434
0.257285595337219	0.257285595337219	0.0331311804000434
0.2581182348043297	0.2581182348043297	0.03337166804668525
0.2589508742714405	0.2589508742714405	0.0342488389321434
0.2597835137385512	0.2597835137385512	0.03432645851269832
0.26061615320566195	0.26061615320566195	0.03437040552904276
0.2614487926727727	0.2614487926727727	0.034406073770141585
0.2622814321398834	0.2622814321398834	0.03441283391705688
0.2631140716069942	0.2631140716069942	0.03502418728564353
0.2639467110741049	0.2639467110741049	0.03520292003766079
0.26477935054121565	0.26477935054121565	0.035300674558276214
0.2656119900083264	0.2656119900083264	0.035753797443094086
0.2664446294754371	0.2664446294754371	0.03581590072552259
0.2672772689425479	0.2672772689425479	0.03605233028486924
0.2681099084096586	0.2681099084096586	0.03627479572667542
0.26894254787676936	0.26894254787676936	0.036377531688390634
0.2697751873438801	0.2697751873438801	0.036431501062821045
0.2706078268109908	0.2706078268109908	0.036773522703554204
0.2714404662781016	0.2714404662781016	0.0369019101829834
0.2722731057452123	0.2722731057452123	0.03715061519270705
0.27310574521232306	0.27310574521232306	0.03729167913335342
0.2739383846794338	0.2739383846794338	0.0373734757534452
0.27477102414654453	0.27477102414654453	0.037605652670737864
0.2756036636136553	0.2756036636136553	0.03763182774709323
0.27643630308076605	0.27643630308076605	0.03770880978283461
0.27726894254787676	0.27726894254787676	0.0384182257088742
0.2781015820149875	0.2781015820149875	0.03851313894055556
0.27893422148209823	0.27893422148209823	0.03861890503011425
0.279766860949209	0.279766860949209	0.03888380153966072
0.28059950041631976	0.28059950041631976	0.03916571706443734
0.28143213988343047	0.28143213988343047	0.03919477053820436
0.28226477935054123	0.28226477935054123	0.039433686526876864
0.28309741881765194	0.28309741881765194	0.04001430008420059
0.2839300582847627	0.2839300582847627	0.04018916358911133
0.28476269775187346	0.28476269775187346	0.04030717596814453
0.28559533721898417	0.28559533721898417	0.04044347459780308
0.28642797668609493	0.28642797668609493	0.04044856183331043
0.28726061615320564	0.28726061615320564	0.040498461280679666
0.2880932556203164	0.2880932556203164	0.04054117951427274
0.28892589508742716	0.28892589508742716	0.040771258457691764
0.28975853455453787	0.28975853455453787	0.04087221399683883
0.29059117402164863	0.29059117402164863	0.04169522756926878
0.29142381348875934	0.29142381348875934	0.04277282081545038
0.2922564529558701	0.2922564529558701	0.042777598276039976
0.29308909242298087	0.29308909242298087	0.043174619856652226
0.2939217318900916	0.2939217318900916	0.04336373969943981
0.29475437135720234	0.29475437135720234	0.04353908788782991
0.29558701082431305	0.29558701082431305	0.0443237047209022
0.2964196502914238	0.2964196502914238	0.04444017958070071
0.29725228975853457	0.29725228975853457	0.044504131985277494
0.2980849292256453	0.2980849292256453	0.04451715597827941
0.29891756869275604	0.29891756869275604	0.04516168513759299
0.2997502081598668	0.2997502081598668	0.04550494633827207
0.3005828476269775	0.3005828476269775	0.04580439805228664
0.3014154870940883	0.3014154870940883	0.04642712698948824
0.302248126561199	0.302248126561199	0.04645447877588982
0.30308076602830974	0.30308076602830974	0.04659417116071447
0.3039134054954205	0.3039134054954205	0.047007652332046054
0.3047460449625312	0.3047460449625312	0.04732100958826782
0.305578684429642	0.305578684429642	0.047664562714181916
0.3064113238967527	0.3064113238967527	0.04771099910727016
0.30724396336386345	0.30724396336386345	0.04799682334770089
0.3080766028309742	0.3080766028309742	0.04823577548885091
0.3089092422980849	0.3089092422980849	0.04824147550876314
0.3097418817651957	0.3097418817651957	0.048689668914363146
0.3105745212323064	0.3105745212323064	0.04894932672668749
0.31140716069941715	0.31140716069941715	0.04972077581994586
0.3122398001665279	0.3122398001665279	0.049759013668831294
0.3130724396336386	0.3130724396336386	0.049961422283015346
0.3139050791007494	0.3139050791007494	0.050425061532537764
0.3147377185678601	0.3147377185678601	0.050445399219700426
0.31557035803497085	0.31557035803497085	0.05066952777020147
0.3164029975020816	0.3164029975020816	0.050739182643058295
0.3172356369691923	0.3172356369691923	0.05155373560496776
0.3180682764363031	0.3180682764363031	0.0519556066854887
0.3189009159034138	0.3189009159034138	0.05202912308186858
0.31973355537052456	0.31973355537052456	0.05210622926259072
0.3205661948376353	0.3205661948376353	0.052119991145845666
0.32139883430474603	0.32139883430474603	0.05325747517648477
0.3222314737718568	0.3222314737718568	0.053606881144880186
0.32306411323896755	0.32306411323896755	0.05450332610949139
0.32389675270607826	0.32389675270607826	0.05463463503610185
0.324729392173189	0.324729392173189	0.05539508297244449
0.32556203164029973	0.32556203164029973	0.0560315291355321
0.3263946711074105	0.3263946711074105	0.056082474974175865
0.32722731057452126	0.32722731057452126	0.056706901936615775
0.32805995004163196	0.32805995004163196	0.057834139734471775
0.3288925895087427	0.3288925895087427	0.05840023741625595
0.32972522897585343	0.32972522897585343	0.05917405033371847
0.3305578684429642	0.3305578684429642	0.059174173006568256
0.33139050791007496	0.33139050791007496	0.05996764083786932
0.33222314737718567	0.33222314737718567	0.06011188459174462
0.33305578684429643	0.33305578684429643	0.06070582958374755
0.33388842631140714	0.33388842631140714	0.06078797658175692
0.3347210657785179	0.3347210657785179	0.06111058637094898
0.33555370524562866	0.33555370524562866	0.06117853963879045
0.33638634471273937	0.33638634471273937	0.06153820097495444
0.33721898417985013	0.33721898417985013	0.06228761718895815
0.33805162364696084	0.33805162364696084	0.062413452665112064
0.3388842631140716	0.3388842631140716	0.06254725846508537
0.33971690258118237	0.33971690258118237	0.06271844525259893
0.3405495420482931	0.3405495420482931	0.0642340822558047
0.34138218151540384	0.34138218151540384	0.06433742228964352
0.34221482098251454	0.34221482098251454	0.06451629267838761
0.3430474604496253	0.3430474604496253	0.06558029604278924
0.34388009991673607	0.34388009991673607	0.06569988744323361
0.3447127393838468	0.3447127393838468	0.06621296506418763
0.34554537885095754	0.34554537885095754	0.06677006828077807
0.3463780183180683	0.3463780183180683	0.06749498741339265
0.347210657785179	0.347210657785179	0.06854495116066853
0.3480432972522898	0.3480432972522898	0.06861006061644204
0.3488759367194005	0.3488759367194005	0.06877363084210088
0.34970857618651124	0.34970857618651124	0.06989724052594393
0.350541215653622	0.350541215653622	0.06996575536273142
0.3513738551207327	0.3513738551207327	0.07102731386651895
0.3522064945878435	0.3522064945878435	0.07102731386651895
0.3530391340549542	0.3530391340549542	0.0719525352932687
0.35387177352206495	0.35387177352206495	0.07257024090771881
0.3547044129891757	0.3547044129891757	0.0738249472647889
0.3555370524562864	0.3555370524562864	0.07472415950330373
0.3563696919233972	0.3563696919233972	0.07536937899868519
0.3572023313905079	0.3572023313905079	0.07599907781977107
0.35803497085761865	0.35803497085761865	0.07611686971169479
0.3588676103247294	0.3588676103247294	0.07705499197013148
0.3597002497918401	0.3597002497918401	0.07851922224572574
0.3605328892589509	0.3605328892589509	0.0788177895880272
0.3613655287260616	0.3613655287260616	0.07954011632910944
0.36219816819317235	0.36219816819317235	0.07955174953798641
0.3630308076602831	0.3630308076602831	0.08044778957577495
0.3638634471273938	0.3638634471273938	0.08060742928733111
0.3646960865945046	0.3646960865945046	0.08087572515703086
0.3655287260616153	0.3655287260616153	0.08122262557612128
0.36636136552872606	0.36636136552872606	0.08180370437196274
0.3671940049958368	0.3671940049958368	0.08252755710058643
0.3680266444629475	0.3680266444629475	0.08254203652599475
0.3688592839300583	0.3688592839300583	0.08370235515926898
0.36969192339716905	0.36969192339716905	0.08499880517751256
0.37052456286427976	0.37052456286427976	0.0852838307899168
0.3713572023313905	0.3713572023313905	0.08763852570386126
0.37218984179850123	0.37218984179850123	0.08847017389804843
0.373022481265612	0.373022481265612	0.08999164911757485
0.37385512073272276	0.37385512073272276	0.09051208554600709
0.37468776019983346	0.37468776019983346	0.09102004964759024
0.3755203996669442	0.3755203996669442	0.0913519889089493
0.37635303913405493	0.37635303913405493	0.09153943809884951
0.3771856786011657	0.3771856786011657	0.09175372683894048
0.37801831806827646	0.37801831806827646	0.09198075970481145
0.37885095753538717	0.37885095753538717	0.09207589040038067
0.37968359700249793	0.37968359700249793	0.09310353954825124
0.38051623646960864	0.38051623646960864	0.0937342673872894
0.3813488759367194	0.3813488759367194	0.09412120513791433
0.38218151540383016	0.38218151540383016	0.0942683033073325
0.38301415487094087	0.38301415487094087	0.09446379901978758
0.38384679433805163	0.38384679433805163	0.09518691120194914
0.38467943380516234	0.38467943380516234	0.09536082243380653
0.3855120732722731	0.3855120732722731	0.09541875147860027
0.38634471273938387	0.38634471273938387	0.09586031675675005
0.3871773522064946	0.3871773522064946	0.09622479478211003
0.38800999167360534	0.38800999167360534	0.09622479478211003
0.38884263114071604	0.38884263114071604	0.09622479478211003
0.3896752706078268	0.3896752706078268	0.09622479478211003
0.39050791007493757	0.39050791007493757	0.09646266192569276
0.3913405495420483	0.3913405495420483	0.09695141066552021
0.39217318900915904	0.39217318900915904	0.09755904949280188
0.3930058284762698	0.3930058284762698	0.09864755452108404
0.3938384679433805	0.3938384679433805	0.09876952639220365
0.3946711074104913	0.3946711074104913	0.09891944023920192
0.395503746877602	0.395503746877602	0.09900006605212207
0.39633638634471274	0.39633638634471274	0.09931085986166101
0.3971690258118235	0.3971690258118235	0.09953428629894892
0.3980016652789342	0.3980016652789342	0.09995293598268942
0.398834304746045	0.398834304746045	0.10009666067034902
0.3996669442131557	0.3996669442131557	0.10141527529604184
0.40049958368026645	0.40049958368026645	0.10149655465948791
0.4013322231473772	0.4013322231473772	0.10149655465948791
0.4021648626144879	0.4021648626144879	0.101812418715086
0.4029975020815987	0.4029975020815987	0.10182290286262131
0.4038301415487094	0.4038301415487094	0.10259520562372439
0.40466278101582015	0.40466278101582015	0.1028010995819609
0.4054954204829309	0.4054954204829309	0.1039927412355647
0.4063280599500416	0.4063280599500416	0.10462956738264183
0.4071606994171524	0.4071606994171524	0.1047706867139234
0.4079933388842631	0.4079933388842631	0.10527183750335799
0.40882597835137385	0.40882597835137385	0.10539890460300604
0.4096586178184846	0.4096586178184846	0.10562233559650214
0.4104912572855953	0.4104912572855953	0.1074434067678639
0.4113238967527061	0.4113238967527061	0.10803247697360373
0.4121565362198168	0.4121565362198168	0.11083097104760503
0.41298917568692756	0.41298917568692756	0.11117114482121858
0.4138218151540383	0.4138218151540383	0.11147373154171407
0.414654454621149	0.414654454621149	0.11149858398897461
0.4154870940882598	0.4154870940882598	0.11318081305926235
0.4163197335553705	0.4163197335553705	0.11380549007224067
0.41715237302248126	0.41715237302248126	0.11393903308570111
0.417985012489592	0.417985012489592	0.11400159778026092
0.41881765195670273	0.41881765195670273	0.11432291338651594
0.4196502914238135	0.4196502914238135	0.11506513006531882
0.42048293089092426	0.42048293089092426	0.11537610125667916
0.42131557035803496	0.42131557035803496	0.11562713741846044
0.4221482098251457	0.4221482098251457	0.11617719814753547
0.42298084929225643	0.42298084929225643	0.11619762639798016
0.4238134887593672	0.4238134887593672	0.11854032409761835
0.42464612822647796	0.42464612822647796	0.11923042090436564
0.42547876769358867	0.42547876769358867	0.12013847845288103
0.42631140716069943	0.42631140716069943	0.12022276222044767
0.42714404662781014	0.42714404662781014	0.12140205169298617
0.4279766860949209	0.4279766860949209	0.12151463383814541
0.42880932556203166	0.42880932556203166	0.12151463383814541
0.42964196502914237	0.42964196502914237	0.1227630108582879
0.43047460449625313	0.43047460449625313	0.12285250690172045
0.43130724396336384	0.43130724396336384	0.1231365789381581
0.4321398834304746	0.4321398834304746	0.12321415197357205
0.43297252289758537	0.43297252289758537	0.12533470495705265
0.4338051623646961	0.4338051623646961	0.12536736855157007
0.43463780183180684	0.43463780183180684	0.1254691268396526
0.43547044129891754	0.43547044129891754	0.1267018741366174
0.4363030807660283	0.4363030807660283	0.12785350303635523
0.43713572023313907	0.43713572023313907	0.12925500350317076
0.4379683597002498	0.4379683597002498	0.12955104257377356
0.43880099916736054	0.43880099916736054	0.12989955595709193
0.43963363863447125	0.43963363863447125	0.1300034809666308
0.440466278101582	0.440466278101582	0.13006523922642285
0.4412989175686928	0.4412989175686928	0.13097043018132984
0.4421315570358035	0.4421315570358035	0.13142660249523316
0.44296419650291424	0.44296419650291424	0.13615137780261868
0.443796835970025	0.443796835970025	0.13624241222937095
0.4446294754371357	0.4446294754371357	0.1369227944536303
0.4454621149042465	0.4454621149042465	0.13741137089133146
0.4462947543713572	0.4462947543713572	0.13790438125934096
0.44712739383846795	0.44712739383846795	0.13841766825759425
0.4479600333055787	0.4479600333055787	0.1398965096637882
0.4487926727726894	0.4487926727726894	0.14019032023488517
0.4496253122398002	0.4496253122398002	0.14069675724968492
0.4504579517069109	0.4504579517069109	0.1407003033720705
0.45129059117402165	0.45129059117402165	0.14074133794114507
0.4521232306411324	0.4521232306411324	0.14224136313460548
0.4529558701082431	0.4529558701082431	0.14254596364251132
0.4537885095753539	0.4537885095753539	0.14305489247212294
0.4546211490424646	0.4546211490424646	0.1434843965925332
0.45545378850957535	0.45545378850957535	0.14353881925140793
0.4562864279766861	0.4562864279766861	0.14429211593177593
0.4571190674437968	0.4571190674437968	0.14676201540386596
0.4579517069109076	0.4579517069109076	0.1468678849842202
0.4587843463780183	0.4587843463780183	0.14731190648562043
0.45961698584512906	0.45961698584512906	0.14825384461115887
0.4604496253122398	0.4604496253122398	0.14849942779567327
0.4612822647793505	0.4612822647793505	0.149748955008334
0.4621149042464613	0.4621149042464613	0.14998428056488938
0.462947543713572	0.462947543713572	0.1506302421249044
0.46378018318068276	0.46378018318068276	0.1510239733823562
0.4646128226477935	0.4646128226477935	0.15133861223249487
0.46544546211490423	0.46544546211490423	0.15149404506652187
0.466278101582015	0.466278101582015	0.15153933461080774
0.46711074104912575	0.46711074104912575	0.1522382493729942
0.46794338051623646	0.46794338051623646	0.1536464765121356
0.4687760199833472	0.4687760199833472	0.15449172889862964
0.46960865945045793	0.46960865945045793	0.15571303681446325
0.4704412989175687	0.4704412989175687	0.15572596931066135
0.47127393838467946	0.47127393838467946	0.15642176142115294
0.47210657785179017	0.47210657785179017	0.15728745502816932
0.47293921731890093	0.47293921731890093	0.1594263575695548
0.47377185678601164	0.47377185678601164	0.16041252090733726
0.4746044962531224	0.4746044962531224	0.16084104955236794
0.47543713572023316	0.47543713572023316	0.16241734380235212
0.47626977518734387	0.47626977518734387	0.16252842937927547
0.47710241465445463	0.47710241465445463	0.16283856080540782
0.47793505412156534	0.47793505412156534	0.1629105516676257
0.4787676935886761	0.4787676935886761	0.1678560971777839
0.47960033305578686	0.47960033305578686	0.1685272698516399
0.4804329725228976	0.4804329725228976	0.16963111859833424
0.48126561199000834	0.48126561199000834	0.17066877194366997
0.48209825145711904	0.48209825145711904	0.17142012882942204
0.4829308909242298	0.4829308909242298	0.17171079940789835
0.48376353039134057	0.48376353039134057	0.17341590196809747
0.4845961698584513	0.4845961698584513	0.17398446850783134
0.48542880932556204	0.48542880932556204	0.17472066658373195
0.48626144879267275	0.48626144879267275	0.1749606566620991
0.4870940882597835	0.4870940882597835	0.17500270414477015
0.48792672772689427	0.48792672772689427	0.17513096773874703
0.488759367194005	0.488759367194005	0.1753727155954491
0.48959200666111574	0.48959200666111574	0.1760877917000367
0.4904246461282265	0.4904246461282265	0.1763961923462033
0.4912572855953372	0.4912572855953372	0.17650503711698773
0.492089925062448	0.492089925062448	0.17680434950686855
0.4929225645295587	0.4929225645295587	0.1803491455102847
0.49375520399666945	0.49375520399666945	0.18073682169515137
0.4945878434637802	0.4945878434637802	0.18104447042237962
0.4954204829308909	0.4954204829308909	0.18182166139266742
0.4962531223980017	0.4962531223980017	0.18186356958984506
0.4970857618651124	0.4970857618651124	0.18232833015721087
0.49791840133222315	0.49791840133222315	0.18373596544170057
0.4987510407993339	0.4987510407993339	0.18422810655182198
0.4995836802664446	0.4995836802664446	0.184364901508129
0.5004163197335554	0.5004163197335554	0.18436785007286505
0.5012489592006661	0.5012489592006661	0.18538664864877108
0.5020815986677769	0.5020815986677769	0.1858805472176771
0.5029142381348876	0.5029142381348876	0.18743599465241367
0.5037468776019983	0.5037468776019983	0.1882716303066081
0.5045795170691091	0.5045795170691091	0.1885035415713202
0.5054121565362198	0.5054121565362198	0.18997332721730098
0.5062447960033306	0.5062447960033306	0.19213653695021504
0.5070774354704413	0.5070774354704413	0.1934840334576583
0.507910074937552	0.507910074937552	0.19532985063606834
0.5087427144046628	0.5087427144046628	0.19580389334154302
0.5095753538717736	0.5095753538717736	0.19592593528982838
0.5104079933388843	0.5104079933388843	0.19665283098758735
0.511240632805995	0.511240632805995	0.19679134446169266
0.5120732722731057	0.5120732722731057	0.19733992972501702
0.5129059117402165	0.5129059117402165	0.19738214154470618
0.5137385512073273	0.5137385512073273	0.19867227321596967
0.514571190674438	0.514571190674438	0.19874745479223954
0.5154038301415487	0.5154038301415487	0.20226574021788157
0.5162364696086594	0.5162364696086594	0.20251926123197914
0.5170691090757702	0.5170691090757702	0.20333038060901998
0.517901748542881	0.517901748542881	0.20539515345006998
0.5187343880099917	0.5187343880099917	0.2067045199492262
0.5195670274771024	0.5195670274771024	0.20716515066883606
0.5203996669442131	0.5203996669442131	0.20826730251197356
0.5212323064113239	0.5212323064113239	0.20883718525584116
0.5220649458784347	0.5220649458784347	0.21003394293046085
0.5228975853455454	0.5228975853455454	0.21202456282314752
0.5237302248126561	0.5237302248126561	0.2124808572521083
0.5245628642797668	0.5245628642797668	0.21311338258457024
0.5253955037468776	0.5253955037468776	0.21446490770406915
0.5262281432139884	0.5262281432139884	0.21487947329535373
0.5270607826810991	0.5270607826810991	0.21537459499025235
0.5278934221482098	0.5278934221482098	0.21612607347271898
0.5287260616153205	0.5287260616153205	0.2164053196723027
0.5295587010824313	0.5295587010824313	0.21657640290400337
0.5303913405495421	0.5303913405495421	0.22021309416388257
0.5312239800166528	0.5312239800166528	0.22375464045469484
0.5320566194837635	0.5320566194837635	0.22563536153923824
0.5328892589508742	0.5328892589508742	0.22563621751734642
0.533721898417985	0.533721898417985	0.22644063890676425
0.5345545378850958	0.5345545378850958	0.22654601844473277
0.5353871773522065	0.5353871773522065	0.2273252119035598
0.5362198168193172	0.5362198168193172	0.228725486489066
0.537052456286428	0.537052456286428	0.22894345501236923
0.5378850957535387	0.5378850957535387	0.22909987991618608
0.5387177352206495	0.5387177352206495	0.23008147524784373
0.5395503746877602	0.5395503746877602	0.23085186557624096
0.5403830141548709	0.5403830141548709	0.23129510929362818
0.5412156536219817	0.5412156536219817	0.23140459557148796
0.5420482930890924	0.5420482930890924	0.2316929852278259
0.5428809325562032	0.5428809325562032	0.23238137526004365
0.5437135720233139	0.5437135720233139	0.23291944259898267
0.5445462114904246	0.5445462114904246	0.23317735256148264
0.5453788509575354	0.5453788509575354	0.23462754333730107
0.5462114904246461	0.5462114904246461	0.23559714036914792
0.5470441298917569	0.5470441298917569	0.23878138005824345
0.5478767693588676	0.5478767693588676	0.2413355796670561
0.5487094088259784	0.5487094088259784	0.2415870723482104
0.5495420482930891	0.5495420482930891	0.24219990257032065
0.5503746877601998	0.5503746877601998	0.24307345809511682
0.5512073272273106	0.5512073272273106	0.24546379410229535
0.5520399666944213	0.5520399666944213	0.24848936550295142
0.5528726061615321	0.5528726061615321	0.2513192335988358
0.5537052456286428	0.5537052456286428	0.2523587419422366
0.5545378850957535	0.5545378850957535	0.2548063162054882
0.5553705245628643	0.5553705245628643	0.25563453986241025
0.556203164029975	0.556203164029975	0.25678550385285126
0.5570358034970858	0.5570358034970858	0.25746704711528245
0.5578684429641965	0.5578684429641965	0.25747476302690164
0.5587010824313072	0.5587010824313072	0.263373278548235
0.559533721898418	0.559533721898418	0.2653516550820274
0.5603663613655288	0.5603663613655288	0.2653516550820274
0.5611990008326395	0.5611990008326395	0.2665214002780153
0.5620316402997502	0.5620316402997502	0.2665214002780153
0.5628642797668609	0.5628642797668609	0.2665214002780153
0.5636969192339717	0.5636969192339717	0.26658598502372743
0.5645295587010825	0.5645295587010825	0.26681909330889997
0.5653621981681932	0.5653621981681932	0.2691119785285204
0.5661948376353039	0.5661948376353039	0.26931851069657387
0.5670274771024146	0.5670274771024146	0.2715364480454542
0.5678601165695254	0.5678601165695254	0.2721716391919736
0.5686927560366362	0.5686927560366362	0.2728880102182004
0.5695253955037469	0.5695253955037469	0.27303782691082745
0.5703580349708576	0.5703580349708576	0.27534832536028264
0.5711906744379683	0.5711906744379683	0.2753642191865794
0.5720233139050791	0.5720233139050791	0.27546056780451034
0.5728559533721899	0.5728559533721899	0.27598346517813643
0.5736885928393006	0.5736885928393006	0.27660290395262555
0.5745212323064113	0.5745212323064113	0.27780753865034247
0.575353871773522	0.575353871773522	0.2781732970333901
0.5761865112406328	0.5761865112406328	0.27860388589606344
0.5770191507077436	0.5770191507077436	0.27994167426512584
0.5778517901748543	0.5778517901748543	0.2818180424082761
0.578684429641965	0.578684429641965	0.283330339482769
0.5795170691090757	0.5795170691090757	0.2837233598233533
0.5803497085761865	0.5803497085761865	0.28596084162408675
0.5811823480432973	0.5811823480432973	0.28735115527055444
0.582014987510408	0.582014987510408	0.2882371974542607
0.5828476269775187	0.5828476269775187	0.2883090640460655
0.5836802664446294	0.5836802664446294	0.29058062400586526
0.5845129059117402	0.5845129059117402	0.2912990845967901
0.585345545378851	0.585345545378851	0.3009480116217188
0.5861781848459617	0.5861781848459617	0.30346865634582254
0.5870108243130724	0.5870108243130724	0.30346865634582254
0.5878434637801832	0.5878434637801832	0.3055491815418653
0.5886761032472939	0.5886761032472939	0.3057016111646699
0.5895087427144047	0.5895087427144047	0.30658364371578695
0.5903413821815154	0.5903413821815154	0.30741635502197406
0.5911740216486261	0.5911740216486261	0.30768832134162394
0.5920066611157369	0.5920066611157369	0.3090599183458471
0.5928393005828476	0.5928393005828476	0.30908964322531807
0.5936719400499584	0.5936719400499584	0.3094474625164294
0.5945045795170691	0.5945045795170691	0.3096811110425074
0.5953372189841799	0.5953372189841799	0.3100505613075747
0.5961698584512906	0.5961698584512906	0.310118419046182
0.5970024979184013	0.5970024979184013	0.3127859475663076
0.5978351373855121	0.5978351373855121	0.31466198900884235
0.5986677768526228	0.5986677768526228	0.3153509415998401
0.5995004163197336	0.5995004163197336	0.31554283238935465
0.6003330557868443	0.6003330557868443	0.31593952810845227
0.601165695253955	0.601165695253955	0.3167602223241742
0.6019983347210658	0.6019983347210658	0.3205296843940002
0.6028309741881765	0.6028309741881765	0.32331834543626425
0.6036636136552873	0.6036636136552873	0.3238612931274918
0.604496253122398	0.604496253122398	0.3242938362514318
0.6053288925895087	0.6053288925895087	0.32544689740822696
0.6061615320566195	0.6061615320566195	0.3260057440236206
0.6069941715237303	0.6069941715237303	0.326980468839422
0.607826810990841	0.607826810990841	0.3289400002448878
0.6086594504579517	0.6086594504579517	0.33038008907202143
0.6094920899250624	0.6094920899250624	0.33097994637242023
0.6103247293921732	0.6103247293921732	0.3345578006437958
0.611157368859284	0.611157368859284	0.3366227384023981
0.6119900083263947	0.6119900083263947	0.3372076991004189
0.6128226477935054	0.6128226477935054	0.33878786014049433
0.6136552872606161	0.6136552872606161	0.33885438238702503
0.6144879267277269	0.6144879267277269	0.33938980148510445
0.6153205661948377	0.6153205661948377	0.3415716117878935
0.6161532056619484	0.6161532056619484	0.34528024375746613
0.6169858451290591	0.6169858451290591	0.34572949893435656
0.6178184845961698	0.6178184845961698	0.34572949893435656
0.6186511240632806	0.6186511240632806	0.34572949893435656
0.6194837635303914	0.6194837635303914	0.34594786322497995
0.6203164029975021	0.6203164029975021	0.3468936858633559
0.6211490424646128	0.6211490424646128	0.34714900753031497
0.6219816819317235	0.6219816819317235	0.3473878122469666
0.6228143213988343	0.6228143213988343	0.3479819183387012
0.6236469608659451	0.6236469608659451	0.3493968963790801
0.6244796003330558	0.6244796003330558	0.3500280664934139
0.6253122398001665	0.6253122398001665	0.3507844052355127
0.6261448792672772	0.6261448792672772	0.3516963192296142
0.626977518734388	0.626977518734388	0.35333196332455863
0.6278101582014988	0.6278101582014988	0.3542630086345172
0.6286427976686095	0.6286427976686095	0.35428020666285887
0.6294754371357202	0.6294754371357202	0.355038774173975
0.630308076602831	0.630308076602831	0.35515125549056714
0.6311407160699417	0.6311407160699417	0.3560347840030206
0.6319733555370525	0.6319733555370525	0.35897045234076197
0.6328059950041632	0.6328059950041632	0.35990777589840794
0.6336386344712739	0.6336386344712739	0.36039808998985556
0.6344712739383847	0.6344712739383847	0.3615505311354287
0.6353039134054954	0.6353039134054954	0.36164330694291735
0.6361365528726062	0.6361365528726062	0.3635482040305429
0.6369691923397169	0.6369691923397169	0.36356788329695355
0.6378018318068276	0.6378018318068276	0.3639613688509895
0.6386344712739384	0.6386344712739384	0.3639613688509895
0.6394671107410491	0.6394671107410491	0.36501534991724927
0.6402997502081599	0.6402997502081599	0.3682790816015393
0.6411323896752706	0.6411323896752706	0.36923083540363566
0.6419650291423813	0.6419650291423813	0.36980793831674885
0.6427976686094921	0.6427976686094921	0.37178294130704836
0.6436303080766028	0.6436303080766028	0.3724909393926388
0.6444629475437136	0.6444629475437136	0.3728002234832517
0.6452955870108243	0.6452955870108243	0.3735267709247737
0.6461282264779351	0.6461282264779351	0.37404443568899615
0.6469608659450458	0.6469608659450458	0.3742039939723508
0.6477935054121565	0.6477935054121565	0.37434337543034835
0.6486261448792673	0.6486261448792673	0.3751237863620761
0.649458784346378	0.649458784346378	0.3780757188259096
0.6502914238134888	0.6502914238134888	0.3800792981501522
0.6511240632805995	0.6511240632805995	0.38184648936456045
0.6519567027477102	0.6519567027477102	0.38356698167337155
0.652789342214821	0.652789342214821	0.385383332355135
0.6536219816819318	0.6536219816819318	0.38547208379366926
0.6544546211490425	0.6544546211490425	0.38547208379366926
0.6552872606161532	0.6552872606161532	0.38874184240211906
0.6561199000832639	0.6561199000832639	0.3893466624462255
0.6569525395503747	0.6569525395503747	0.39029491564991825
0.6577851790174855	0.6577851790174855	0.3930541392473207
0.6586178184845962	0.6586178184845962	0.3945911933715307
0.6594504579517069	0.6594504579517069	0.39533930888081215
0.6602830974188176	0.6602830974188176	0.3958774022855659
0.6611157368859284	0.6611157368859284	0.39692869826660293
0.6619483763530392	0.6619483763530392	0.3970342328354207
0.6627810158201499	0.6627810158201499	0.3974849088935496
0.6636136552872606	0.6636136552872606	0.3987445733399555
0.6644462947543713	0.6644462947543713	0.398879445635938
0.6652789342214821	0.6652789342214821	0.3989758603010123
0.6661115736885929	0.6661115736885929	0.39936939482931355
0.6669442131557036	0.6669442131557036	0.4020227485995307
0.6677768526228143	0.6677768526228143	0.4048355647798859
0.668609492089925	0.668609492089925	0.4064657600306223
0.6694421315570358	0.6694421315570358	0.4086098564403937
0.6702747710241466	0.6702747710241466	0.4099305114657703
0.6711074104912573	0.6711074104912573	0.4104052059384813
0.671940049958368	0.671940049958368	0.41106531683633596
0.6727726894254787	0.6727726894254787	0.41183474599309133
0.6736053288925895	0.6736053288925895	0.41208263973705017
0.6744379683597003	0.6744379683597003	0.41514077328431764
0.675270607826811	0.675270607826811	0.4171148066675351
0.6761032472939217	0.6761032472939217	0.4171148066675351
0.6769358867610324	0.6769358867610324	0.4171202377063401
0.6777685262281432	0.6777685262281432	0.4176368780912887
0.678601165695254	0.678601165695254	0.41904422828876997
0.6794338051623647	0.6794338051623647	0.41943032137734937
0.6802664446294754	0.6802664446294754	0.41955792787685586
0.6810990840965861	0.6810990840965861	0.41999396378629117
0.6819317235636969	0.6819317235636969	0.42014580801001655
0.6827643630308077	0.6827643630308077	0.42149346348961036
0.6835970024979184	0.6835970024979184	0.4225638548594216
0.6844296419650291	0.6844296419650291	0.42636013336640055
0.6852622814321399	0.6852622814321399	0.42680224911182374
0.6860949208992506	0.6860949208992506	0.4293993273111125
0.6869275603663614	0.6869275603663614	0.43102240363528477
0.6877601998334721	0.6877601998334721	0.4316118782317053
0.6885928393005828	0.6885928393005828	0.43162913460543484
0.6894254787676936	0.6894254787676936	0.4316518144842588
0.6902581182348043	0.6902581182348043	0.4323821362959561
0.6910907577019151	0.6910907577019151	0.4337832992257238
0.6919233971690258	0.6919233971690258	0.4354898653837378
0.6927560366361366	0.6927560366361366	0.43748581681631904
0.6935886761032473	0.6935886761032473	0.43798587471381856
0.694421315570358	0.694421315570358	0.4386515109157122
0.6952539550374688	0.6952539550374688	0.4387135654969805
0.6960865945045795	0.6960865945045795	0.43963592607709856
0.6969192339716903	0.6969192339716903	0.4476081743203979
0.697751873438801	0.697751873438801	0.4490643511560568
0.6985845129059117	0.6985845129059117	0.4495505764693236
0.6994171523730225	0.6994171523730225	0.4516212608492268
0.7002497918401333	0.7002497918401333	0.4517499446293314
0.701082431307244	0.701082431307244	0.4521191266971658
0.7019150707743547	0.7019150707743547	0.45293716864921907
0.7027477102414654	0.7027477102414654	0.4537888551635123
0.7035803497085762	0.7035803497085762	0.45545312095639123
0.704412989175687	0.704412989175687	0.45587889984596075
0.7052456286427977	0.7052456286427977	0.4595367874424999
0.7060782681099084	0.7060782681099084	0.4598355171367381
0.7069109075770191	0.7069109075770191	0.4612965972543882
0.7077435470441299	0.7077435470441299	0.46221197760652355
0.7085761865112407	0.7085761865112407	0.466473839523316
0.7094088259783514	0.7094088259783514	0.46714597900557
0.7102414654454621	0.7102414654454621	0.46789379420871813
0.7110741049125728	0.7110741049125728	0.4700528950281657
0.7119067443796836	0.7119067443796836	0.4728484417655163
0.7127393838467944	0.7127393838467944	0.47389013515671263
0.7135720233139051	0.7135720233139051	0.47472231667420417
0.7144046627810158	0.7144046627810158	0.4749831634118803
0.7152373022481265	0.7152373022481265	0.4757610764789407
0.7160699417152373	0.7160699417152373	0.4757610764789407
0.7169025811823481	0.7169025811823481	0.4758781398104599
0.7177352206494588	0.7177352206494588	0.47883506797270237
0.7185678601165695	0.7185678601165695	0.4818474429983314
0.7194004995836802	0.7194004995836802	0.4819297086382831
0.720233139050791	0.720233139050791	0.4820386138556849
0.7210657785179018	0.7210657785179018	0.483057153128866
0.7218984179850125	0.7218984179850125	0.4857350490417429
0.7227310574521232	0.7227310574521232	0.48709548983094864
0.723563696919234	0.723563696919234	0.48725267389534865
0.7243963363863447	0.7243963363863447	0.48823355435426863
0.7252289758534555	0.7252289758534555	0.491328667862758
0.7260616153205662	0.7260616153205662	0.4921556614056618
0.7268942547876769	0.7268942547876769	0.49220073170316225
0.7277268942547876	0.7277268942547876	0.4924208978467751
0.7285595337218984	0.7285595337218984	0.49257105592688377
0.7293921731890092	0.7293921731890092	0.4930185727682159
0.7302248126561199	0.7302248126561199	0.49468958450600686
0.7310574521232306	0.7310574521232306	0.494961976569291
0.7318900915903414	0.7318900915903414	0.49515646129534496
0.7327227310574521	0.7327227310574521	0.4966931861419839
0.7335553705245629	0.7335553705245629	0.49697532039570935
0.7343880099916736	0.7343880099916736	0.49868760767076903
0.7352206494587843	0.7352206494587843	0.5054022092244148
0.736053288925895	0.736053288925895	0.5101697784975634
0.7368859283930058	0.7368859283930058	0.5116542983742944
0.7377185678601166	0.7377185678601166	0.5146249737569948
0.7385512073272273	0.7385512073272273	0.5173008610600054
0.7393838467943381	0.7393838467943381	0.5175128027354521
0.7402164862614488	0.7402164862614488	0.5203164595469564
0.7410491257285595	0.7410491257285595	0.5220774369245014
0.7418817651956703	0.7418817651956703	0.5242671290816188
0.742714404662781	0.742714404662781	0.5300119887188866
0.7435470441298918	0.7435470441298918	0.5301591364775697
0.7443796835970025	0.7443796835970025	0.5341478675978936
0.7452123230641132	0.7452123230641132	0.5408091084419713
0.746044962531224	0.746044962531224	0.5418732538173081
0.7468776019983348	0.7468776019983348	0.5431857578726277
0.7477102414654455	0.7477102414654455	0.5432662490929073
0.7485428809325562	0.7485428809325562	0.543322056720293
0.7493755203996669	0.7493755203996669	0.5436197425714981
0.7502081598667777	0.7502081598667777	0.5437560012535829
0.7510407993338885	0.7510407993338885	0.5455876067370602
0.7518734388009992	0.7518734388009992	0.5461650290566155
0.7527060782681099	0.7527060782681099	0.5463954483016038
0.7535387177352206	0.7535387177352206	0.5465562022020516
0.7543713572023314	0.7543713572023314	0.5470209499150116
0.7552039966694422	0.7552039966694422	0.5476473839151011
0.7560366361365529	0.7560366361365529	0.5477495107168808
0.7568692756036636	0.7568692756036636	0.5486076610687793
0.7577019150707743	0.7577019150707743	0.5494550178070177
0.7585345545378851	0.7585345545378851	0.5521742064868485
0.7593671940049959	0.7593671940049959	0.5534913911614889
0.7601998334721066	0.7601998334721066	0.5555212975355592
0.7610324729392173	0.7610324729392173	0.5555725764361024
0.761865112406328	0.761865112406328	0.5570599623399306
0.7626977518734388	0.7626977518734388	0.5577882250879784
0.7635303913405496	0.7635303913405496	0.5592216087536427
0.7643630308076603	0.7643630308076603	0.5607058490323977
0.765195670274771	0.765195670274771	0.5627696470946117
0.7660283097418817	0.7660283097418817	0.5645018029244824
0.7668609492089925	0.7668609492089925	0.5653330544787414
0.7676935886761033	0.7676935886761033	0.566038981637168
0.768526228143214	0.768526228143214	0.5661716093987545
0.7693588676103247	0.7693588676103247	0.5663037012003279
0.7701915070774354	0.7701915070774354	0.5671942906593237
0.7710241465445462	0.7710241465445462	0.5681912176265898
0.771856786011657	0.771856786011657	0.5686918401802783
0.7726894254787677	0.7726894254787677	0.5695196457324305
0.7735220649458784	0.7735220649458784	0.5701336733460342
0.7743547044129891	0.7743547044129891	0.5703127988596607
0.7751873438800999	0.7751873438800999	0.5716741386320401
0.7760199833472107	0.7760199833472107	0.5716772586420034
0.7768526228143214	0.7768526228143214	0.5729362564430254
0.7776852622814321	0.7776852622814321	0.5757214001089155
0.7785179017485429	0.7785179017485429	0.5764591193448685
0.7793505412156536	0.7793505412156536	0.5819845232371021
0.7801831806827644	0.7801831806827644	0.5831033414357569
0.7810158201498751	0.7810158201498751	0.5846966690561897
0.7818484596169858	0.7818484596169858	0.5851332789633069
0.7826810990840966	0.7826810990840966	0.5852738136786348
0.7835137385512073	0.7835137385512073	0.5852984694676331
0.7843463780183181	0.7843463780183181	0.5862172269220451
0.7851790174854288	0.7851790174854288	0.5866269323021653
0.7860116569525396	0.7860116569525396	0.5875452570355373
0.7868442964196503	0.7868442964196503	0.5882710888005491
0.787676935886761	0.787676935886761	0.5925531758847491
0.7885095753538718	0.7885095753538718	0.5939452989978984
0.7893422148209825	0.7893422148209825	0.5945412765132538
0.7901748542880933	0.7901748542880933	0.59783645962098
0.791007493755204	0.791007493755204	0.5983963720694812
0.7918401332223147	0.7918401332223147	0.5989328334614358
0.7926727726894255	0.7926727726894255	0.599638493725853
0.7935054121565362	0.7935054121565362	0.5998573351722292
0.794338051623647	0.794338051623647	0.6047871636457981
0.7951706910907577	0.7951706910907577	0.6066277138870186
0.7960033305578684	0.7960033305578684	0.6105616903055305
0.7968359700249792	0.7968359700249792	0.6107812114696738
0.79766860949209	0.79766860949209	0.6113113060263425
0.7985012489592007	0.7985012489592007	0.6114313063253554
0.7993338884263114	0.7993338884263114	0.6140479739855709
0.8001665278934221	0.8001665278934221	0.6144224700971519
0.8009991673605329	0.8009991673605329	0.6151103936785536
0.8018318068276437	0.8018318068276437	0.6182434528261151
0.8026644462947544	0.8026644462947544	0.6198449082065436
0.8034970857618651	0.8034970857618651	0.6236540151960293
0.8043297252289758	0.8043297252289758	0.6247159212760363
0.8051623646960866	0.8051623646960866	0.6258813786102777
0.8059950041631974	0.8059950041631974	0.6262091723415817
0.8068276436303081	0.8068276436303081	0.6307339780963814
0.8076602830974188	0.8076602830974188	0.6348956150602625
0.8084929225645295	0.8084929225645295	0.6396800060930589
0.8093255620316403	0.8093255620316403	0.640996256405403
0.8101582014987511	0.8101582014987511	0.6418939521083015
0.8109908409658618	0.8109908409658618	0.642325186204171
0.8118234804329725	0.8118234804329725	0.6455402894516855
0.8126561199000832	0.8126561199000832	0.6458633782955587
0.813488759367194	0.813488759367194	0.6459002321348122
0.8143213988343048	0.8143213988343048	0.6459985873517065
0.8151540383014155	0.8151540383014155	0.6461029585541991
0.8159866777685262	0.8159866777685262	0.6475506204128965
0.8168193172356369	0.8168193172356369	0.6496706343653795
0.8176519567027477	0.8176519567027477	0.6515104764576605
0.8184845961698585	0.8184845961698585	0.6535556875426569
0.8193172356369692	0.8193172356369692	0.6536380252964831
0.8201498751040799	0.8201498751040799	0.6547061083111602
0.8209825145711906	0.8209825145711906	0.6550490174503071
0.8218151540383014	0.8218151540383014	0.6565118558804359
0.8226477935054122	0.8226477935054122	0.6577635884476967
0.8234804329725229	0.8234804329725229	0.6582867780262351
0.8243130724396336	0.8243130724396336	0.658660150131898
0.8251457119067444	0.8251457119067444	0.6616776313930987
0.8259783513738551	0.8259783513738551	0.6616776313930987
0.8268109908409659	0.8268109908409659	0.6616776313930987
0.8276436303080766	0.8276436303080766	0.6648212671338709
0.8284762697751873	0.8284762697751873	0.6650647346165128
0.829308909242298	0.829308909242298	0.6672626881319728
0.8301415487094088	0.8301415487094088	0.6680103184607675
0.8309741881765196	0.8309741881765196	0.668298342581501
0.8318068276436303	0.8318068276436303	0.6695629107275077
0.832639467110741	0.832639467110741	0.6733434286459083
0.8334721065778518	0.8334721065778518	0.6737856966005129
0.8343047460449625	0.8343047460449625	0.6757894940302759
0.8351373855120733	0.8351373855120733	0.6778043255690895
0.835970024979184	0.835970024979184	0.6796967277159551
0.8368026644462948	0.8368026644462948	0.6816746966086271
0.8376353039134055	0.8376353039134055	0.6840757862641693
0.8384679433805162	0.8384679433805162	0.6844232581459779
0.839300582847627	0.839300582847627	0.6854937942475319
0.8401332223147377	0.8401332223147377	0.687191445660599
0.8409658617818485	0.8409658617818485	0.6877779927208694
0.8417985012489592	0.8417985012489592	0.6886262317729004
0.8426311407160699	0.8426311407160699	0.6896916760294782
0.8434637801831807	0.8434637801831807	0.6925408275728038
0.8442964196502915	0.8442964196502915	0.6942370938678444
0.8451290591174022	0.8451290591174022	0.694257604512412
0.8459616985845129	0.8459616985845129	0.694257604512412
0.8467943380516236	0.8467943380516236	0.694257604512412
0.8476269775187344	0.8476269775187344	0.6951580151518477
0.8484596169858452	0.8484596169858452	0.6983586767706519
0.8492922564529559	0.8492922564529559	0.7020074809133755
0.8501248959200666	0.8501248959200666	0.7025462741617803
0.8509575353871773	0.8509575353871773	0.7037952822137096
0.8517901748542881	0.8517901748542881	0.7057514129357484
0.8526228143213989	0.8526228143213989	0.706548446072861
0.8534554537885096	0.8534554537885096	0.7065506092984599
0.8542880932556203	0.8542880932556203	0.7073081044288014
0.855120732722731	0.855120732722731	0.7077730758751434
0.8559533721898418	0.8559533721898418	0.7080995017654638
0.8567860116569526	0.8567860116569526	0.709441352060749
0.8576186511240633	0.8576186511240633	0.7106841180225146
0.858451290591174	0.858451290591174	0.7111333681162257
0.8592839300582847	0.8592839300582847	0.7151246174074515
0.8601165695253955	0.8601165695253955	0.7156679226094198
0.8609492089925063	0.8609492089925063	0.7177316481329428
0.861781848459617	0.861781848459617	0.7228820591162652
0.8626144879267277	0.8626144879267277	0.7234371881928074
0.8634471273938384	0.8634471273938384	0.7302365542722973
0.8642797668609492	0.8642797668609492	0.7307301537634268
0.86511240632806	0.86511240632806	0.7307468692854105
0.8659450457951707	0.8659450457951707	0.7310009466723072
0.8667776852622814	0.8667776852622814	0.7314797769799746
0.8676103247293921	0.8676103247293921	0.7322553306986876
0.8684429641965029	0.8684429641965029	0.7350490313877186
0.8692756036636137	0.8692756036636137	0.7360545643044045
0.8701082431307244	0.8701082431307244	0.7377692836891085
0.8709408825978351	0.8709408825978351	0.7388434830300661
0.8717735220649458	0.8717735220649458	0.7425275866369933
0.8726061615320566	0.8726061615320566	0.7427013738355419
0.8734388009991674	0.8734388009991674	0.7434757180169502
0.8742714404662781	0.8742714404662781	0.7435451992457844
0.8751040799333888	0.8751040799333888	0.747364914027608
0.8759367194004996	0.8759367194004996	0.7483238200045335
0.8767693588676103	0.8767693588676103	0.7486369260051973
0.8776019983347211	0.8776019983347211	0.7491700193333007
0.8784346378018318	0.8784346378018318	0.7502417384663618
0.8792672772689425	0.8792672772689425	0.750521524379214
0.8800999167360533	0.8800999167360533	0.7526236575879099
0.880932556203164	0.880932556203164	0.7544210146383832
0.8817651956702748	0.8817651956702748	0.7577861459028779
0.8825978351373855	0.8825978351373855	0.7579247939994629
0.8834304746044963	0.8834304746044963	0.7598602104880297
0.884263114071607	0.884263114071607	0.7600811087813741
0.8850957535387177	0.8850957535387177	0.7601194355188111
0.8859283930058285	0.8859283930058285	0.7602008765451785
0.8867610324729392	0.8867610324729392	0.7603915386622925
0.88759367194005	0.88759367194005	0.7603915386622925
0.8884263114071607	0.8884263114071607	0.762806075797503
0.8892589508742714	0.8892589508742714	0.7644960450764896
0.8900915903413822	0.8900915903413822	0.7651753670968611
0.890924229808493	0.890924229808493	0.7733865492631679
0.8917568692756037	0.8917568692756037	0.7743014345632392
0.8925895087427144	0.8925895087427144	0.77569789746769
0.8934221482098251	0.8934221482098251	0.7800259454444126
0.8942547876769359	0.8942547876769359	0.7803214050967745
0.8950874271440467	0.8950874271440467	0.7803248621018466
0.8959200666111574	0.8959200666111574	0.7826554475388651
0.8967527060782681	0.8967527060782681	0.7827581218715276
0.8975853455453788	0.8975853455453788	0.7864084165452208
0.8984179850124896	0.8984179850124896	0.7870456261397525
0.8992506244796004	0.8992506244796004	0.7879697524508662
0.9000832639467111	0.9000832639467111	0.7881222750859939
0.9009159034138218	0.9009159034138218	0.7903326238061386
0.9017485428809325	0.9017485428809325	0.792051834934991
0.9025811823480433	0.9025811823480433	0.792999285483218
0.9034138218151541	0.9034138218151541	0.7985208093080552
0.9042464612822648	0.9042464612822648	0.8011423124343784
0.9050791007493755	0.9050791007493755	0.8070361766646014
0.9059117402164862	0.9059117402164862	0.8089188708903021
0.906744379683597	0.906744379683597	0.8102651191529135
0.9075770191507078	0.9075770191507078	0.8110765613010269
0.9084096586178185	0.9084096586178185	0.8110918816709038
0.9092422980849292	0.9092422980849292	0.8125148677116003
0.9100749375520399	0.9100749375520399	0.8134774865937068
0.9109075770191507	0.9109075770191507	0.8154781359255479
0.9117402164862615	0.9117402164862615	0.8158269929701317
0.9125728559533722	0.9125728559533722	0.8179356162723024
0.9134054954204829	0.9134054954204829	0.8182769431744484
0.9142381348875936	0.9142381348875936	0.8202299047664314
0.9150707743547044	0.9150707743547044	0.8209239596361615
0.9159034138218152	0.9159034138218152	0.821909197470713
0.9167360532889259	0.9167360532889259	0.8220369185799754
0.9175686927560366	0.9175686927560366	0.8254677781235816
0.9184013322231473	0.9184013322231473	0.8288744474678424
0.9192339716902581	0.9192339716902581	0.8306567415189952
0.9200666111573689	0.9200666111573689	0.8310174355691231
0.9208992506244796	0.9208992506244796	0.8345825445228783
0.9217318900915903	0.9217318900915903	0.8369534757622231
0.922564529558701	0.922564529558701	0.8374579665032849
0.9233971690258118	0.9233971690258118	0.8378393995087576
0.9242298084929226	0.9242298084929226	0.8387727495597385
0.9250624479600333	0.9250624479600333	0.8423419585313656
0.925895087427144	0.925895087427144	0.844987487528131
0.9267277268942548	0.9267277268942548	0.8466144843454848
0.9275603663613655	0.9275603663613655	0.847073194397121
0.9283930058284763	0.9283930058284763	0.8490212249897936
0.929225645295587	0.929225645295587	0.8534588304790625
0.9300582847626978	0.9300582847626978	0.8551454347243731
0.9308909242298085	0.9308909242298085	0.8603883694203281
0.9317235636969192	0.9317235636969192	0.8605414917376927
0.93255620316403	0.93255620316403	0.8637472830754974
0.9333888426311407	0.9333888426311407	0.8646509226967676
0.9342214820982515	0.9342214820982515	0.8697544882487631
0.9350541215653622	0.9350541215653622	0.8707366184591822
0.9358867610324729	0.9358867610324729	0.8745746864220344
0.9367194004995837	0.9367194004995837	0.8761554962365719
0.9375520399666945	0.9375520399666945	0.8774887792494702
0.9383846794338052	0.9383846794338052	0.8794233755068772
0.9392173189009159	0.9392173189009159	0.8797775469453569
0.9400499583680266	0.9400499583680266	0.879829545920913
0.9408825978351374	0.9408825978351374	0.8814434249514537
0.9417152373022482	0.9417152373022482	0.887006477880328
0.9425478767693589	0.9425478767693589	0.887339377080188
0.9433805162364696	0.9433805162364696	0.8888310950150909
0.9442131557035803	0.9442131557035803	0.8889358103840576
0.9450457951706911	0.9450457951706911	0.8899057995034292
0.9458784346378019	0.9458784346378019	0.8899162031877129
0.9467110741049126	0.9467110741049126	0.8911952862039714
0.9475437135720233	0.9475437135720233	0.8916421467158613
0.948376353039134	0.948376353039134	0.8940235351300264
0.9492089925062448	0.9492089925062448	0.9028974939007144
0.9500416319733556	0.9500416319733556	0.9074541508072493
0.9508742714404663	0.9508742714404663	0.9080540709854845
0.951706910907577	0.951706910907577	0.9103313045857592
0.9525395503746877	0.9525395503746877	0.9103313045857592
0.9533721898417985	0.9533721898417985	0.9129239161844749
0.9542048293089093	0.9542048293089093	0.9132069407908976
0.95503746877602	0.95503746877602	0.9187152998984875
0.9558701082431307	0.9558701082431307	0.9198735842081359
0.9567027477102414	0.9567027477102414	0.9226486548981776
0.9575353871773522	0.9575353871773522	0.9256732747831107
0.958368026644463	0.958368026644463	0.9281044730416249
0.9592006661115737	0.9592006661115737	0.9306504912000136
0.9600333055786844	0.9600333055786844	0.9316104481552706
0.9608659450457951	0.9608659450457951	0.9347301537700061
0.9616985845129059	0.9616985845129059	0.9380515144722017
0.9625312239800167	0.9625312239800167	0.9404284030307644
0.9633638634471274	0.9633638634471274	0.9431223970145391
0.9641965029142381	0.9641965029142381	0.9432538233107435
0.9650291423813488	0.9650291423813488	0.9440397104808568
0.9658617818484596	0.9658617818484596	0.9443571182215804
0.9666944213155704	0.9666944213155704	0.9451068268944498
0.9675270607826811	0.9675270607826811	0.9452228926128059
0.9683597002497918	0.9683597002497918	0.9468830320101815
0.9691923397169026	0.9691923397169026	0.9473539556964992
0.9700249791840133	0.9700249791840133	0.9487797602582686
0.9708576186511241	0.9708576186511241	0.9511738202476686
0.9716902581182348	0.9716902581182348	0.952154297720027
0.9725228975853455	0.9725228975853455	0.9545078336318398
0.9733555370524563	0.9733555370524563	0.9580764493408678
0.974188176519567	0.974188176519567	0.9598775314384798
0.9750208159866778	0.9750208159866778	0.9612242552931043
0.9758534554537885	0.9758534554537885	0.9612412215975555
0.9766860949208993	0.9766860949208993	0.962415861241416
0.97751873438801	0.97751873438801	0.9642603969110085
0.9783513738551207	0.9783513738551207	0.9647647211798128
0.9791840133222315	0.9791840133222315	0.9663534307099576
0.9800166527893422	0.9800166527893422	0.9669093496219541
0.980849292256453	0.980849292256453	0.9689754301627067
0.9816819317235637	0.9816819317235637	0.9691617787958388
0.9825145711906744	0.9825145711906744	0.970010499946388
0.9833472106577852	0.9833472106577852	0.9701981418235285
0.984179850124896	0.984179850124896	0.9710903107996118
0.9850124895920067	0.9850124895920067	0.9726372513230827
0.9858451290591174	0.9858451290591174	0.9736387545959979
0.9866777685262281	0.9866777685262281	0.9748876327304673
0.9875104079933389	0.9875104079933389	0.9753206303288114
0.9883430474604497	0.9883430474604497	0.9756646380185818
0.9891756869275604	0.9891756869275604	0.977875491404841
0.9900083263946711	0.9900083263946711	0.9841558702803609
0.9908409658617818	0.9908409658617818	0.9850230394741711
0.9916736053288926	0.9916736053288926	0.9852683325332823
0.9925062447960034	0.9925062447960034	0.9857454769923895
0.9933388842631141	0.9933388842631141	0.9870123440564263
0.9941715237302248	0.9941715237302248	0.989657137161056
0.9950041631973355	0.9950041631973355	0.9906442048704271
0.9958368026644463	0.9958368026644463	0.991627833629443
0.9966694421315571	0.9966694421315571	0.9929249695229561
0.9975020815986678	0.9975020815986678	0.9968064720346436
0.9983347210657785	0.9983347210657785	0.9968800152196302
0.9991673605328892	0.9991673605328892	0.9974280967776489
Data type = PROTEIN
Expected	Expected	Observed
0.0	0.0	0.0018980331949871435
0.14285714285714285	0.14285714285714285	0.017948648835855112
0.2857142857142857	0.2857142857142857	0.09198823269445085
0.42857142857142855	0.42857142857142855	0.2714844177321166
0.5714285714285714	0.5714285714285714	0.6661063870479431
0.7142857142857143	0.7142857142857143	0.7128531834856627
0.8571428571428571	0.8571428571428571	0.9603878498592808