Overall graph size pval = 0.003
Gene	Downstream crowded pval	Downstream suggests activation pval	Downstream suggests inhibition pval
RPS6KA1	0.001	0.69	0.001
AKT1	0.07	0.978	0.001
RPS6KA3	0.024	0.938	0.002
RPS6KA5	0.017	0.986	0.002
MAPK1	0.247	0.999	0.002
PRKACA	0.008	0.491	0.005
MAPK3	0.383	0.992	0.007
PKN1	0.072	1.0	0.008
CLK1	0.011	0.824	0.014
RPS6KB1	0.091	0.805	0.013
MAPKAPK5	0.039	0.749	0.015
CLK2	0.033	0.675	0.016
BRCA1	0.068	1.0	0.017
PIM1	0.069	0.845	0.022
RAF1	0.158	0.566	0.029
PRKACB	0.129	1.0	0.033
STK38	0.034	0.475	0.052
PLK1	0.368	1.0	0.037
LYN	0.299	0.916	0.039
TP53	0.216	1.0	0.043
ARNT	0.174	0.043	1.0
SRC	0.043	0.45	0.077
STAT3	0.046	0.06	0.253
IRF1	0.184	1.0	0.05
PRKCE	0.178	1.0	0.053
MAP3K1	0.189	1.0	0.06
PRKCB	0.217	0.065	0.695
JAK2	0.309	1.0	0.07
RHEB	0.237	1.0	0.073
KIT	0.186	1.0	0.074
STK17A	0.172	0.85	0.074
HCK	0.242	1.0	0.078
MAPK8	0.087	0.083	0.264
PRKCD	0.086	0.414	0.151
PAK4	0.091	0.302	0.231
RUNX3	0.274	0.098	1.0
AKT2	0.454	0.956	0.1
MAPK9	0.184	0.896	0.101
GSK3B	0.217	0.951	0.105
JAK1	0.337	1.0	0.108
LEPR	0.258	1.0	0.113
YES1	0.114	0.662	0.144
CDK5	0.2	0.114	0.492
CDK2	0.15	0.116	0.526
LCK	0.278	0.89	0.122
KAT5	0.301	1.0	0.123
RUNX1	0.13	0.287	0.318
AURKA	0.133	0.201	0.414
CAMK2B	0.383	1.0	0.142
DYRK1A	0.223	0.855	0.154
CAMK2G	0.367	1.0	0.159
FYN	0.16	0.584	0.214
IKBKB	0.182	0.615	0.165
IKBKE	0.379	1.0	0.168
MAP3K7	0.418	0.755	0.185
CSNK1D	0.388	1.0	0.185
DAPK1	0.186	0.595	0.269
STK4	0.421	0.482	0.207
MARK2	0.209	0.638	0.318
NBN	0.45	1.0	0.211
PRKCA	0.394	0.679	0.215
MKNK1	0.464	1.0	0.217
CHUK	0.428	1.0	0.218
CSK	0.47	1.0	0.229
MAPK14	0.453	0.983	0.234
RPS6KB2	0.493	1.0	0.235
ABL1	0.249	0.489	0.382
NEK2	0.531	0.252	1.0
MKNK2	0.489	1.0	0.257
AKT3	0.508	1.0	0.265
CDK7	0.351	0.275	0.413
CDK9	0.848	0.279	1.0
TFDP2	0.487	1.0	0.282
MRE11	0.561	1.0	0.288
RAD50	0.561	1.0	0.288
NEK3	0.543	1.0	0.291
SOS1	0.554	1.0	0.292
CHEK1	0.502	0.885	0.294
CDK1	0.301	0.476	0.294
MAPK7	0.305	0.46	0.318
CDK6	0.306	0.324	0.672
CHEK2	0.643	1.0	0.315
RPTOR	0.654	0.873	0.324
SYK	0.548	0.328	0.534
TFDP1	0.552	1.0	0.33
ABL2	0.504	1.0	0.344
MLST8	0.688	0.882	0.35
RPS6KA4	0.635	1.0	0.354
PAK1	0.61	0.792	0.355
SIRT1	0.549	0.356	1.0
CSNK1A1	0.755	0.904	0.379
BUB1	0.683	1.0	0.391
CD4	0.635	1.0	0.393
MAP2K1	0.402	0.658	0.445
EPHB4	0.413	0.471	0.602
EPHB3	0.413	0.471	0.602
CDC7	0.547	0.415	0.597
STK11	0.77	0.426	1.0
PPP2CA	0.594	0.431	0.451
WEE1	0.441	0.645	0.571
PLXNA1	0.451	0.553	0.687
NRP1	0.451	0.553	0.687
ATRIP	0.644	1.0	0.455
PPP2R5A	0.737	0.543	0.466
AURKB	0.572	0.475	0.662
CSNK1E	0.497	0.771	0.537
EFNB1	0.497	0.525	0.659
MTOR	0.631	0.599	0.5
YWHAB	0.774	1.0	0.502
PIK3R1	0.7	1.0	0.512
NFKB1	0.722	0.513	0.552
CAMKK1	0.708	1.0	0.526
AKAP9	0.753	1.0	0.539
MAPKAPK2	0.664	0.542	0.774
JUN	0.823	0.545	1.0
FGR	0.757	1.0	0.548
MARK3	0.564	0.549	0.699
NEK9	0.877	0.554	1.0
JAK3	0.758	1.0	0.564
RELA	0.79	0.575	0.613
CSNK2B	0.79	1.0	0.576
PLCG1	0.77	1.0	0.585
ROCK1	0.608	0.753	0.586
NEK6	0.588	0.588	0.727
PRKAA1	0.728	0.589	0.816
ROCK2	0.901	0.599	1.0
PDPK1	0.876	0.605	0.951
KSR1	0.809	1.0	0.606
CCNB2	0.911	0.608	1.0
PPP2R5D	0.806	0.608	1.0
GRAP2	0.796	1.0	0.617
LAT	0.796	1.0	0.617
VAV1	0.796	1.0	0.617
LCP2	0.796	1.0	0.617
MAX	0.875	0.627	1.0
CSNK2A2	0.768	0.863	0.63
PRKCQ	0.633	0.638	0.751
CSNK2A1	0.961	0.99	0.639
ATM	0.784	0.863	0.64
PIK3CA	0.847	1.0	0.661
ILK	0.835	1.0	0.665
NRAS	0.86	1.0	0.669
PRKDC	0.73	0.805	0.679
CDKN1A	0.685	0.733	0.795
SHC1	0.87	1.0	0.711
SP1	0.934	0.727	1.0
GSK3A	0.963	1.0	0.743
ATR	0.858	0.745	0.929
ARAF	0.92	1.0	0.751
CCNB1	0.842	0.751	0.867
MYC	0.955	0.764	1.0
BRAF	0.916	1.0	0.765
PPP2R1B	0.876	0.891	0.784
PAK2	0.991	0.805	1.0
MAPK12	0.969	1.0	0.859
CAMK2D	0.969	1.0	0.884
TBK1	1.0	1.0	1.0
EP300	1.0	1.0	1.0
MAP3K5	1.0	1.0	1.0
PRKCI	1.0	1.0	1.0
BCR	1.0	1.0	1.0
CCNE1	1.0	1.0	1.0
BTK	1.0	1.0	1.0
ULK1	1.0	1.0	1.0
INSR	1.0	1.0	1.0
WNK1	1.0	1.0	1.0
PPP2R5E	1.0	1.0	1.0
GAB1	1.0	1.0	1.0
PPP2R5C	1.0	1.0	1.0
PTPN11	1.0	1.0	1.0