Pool proteomics = false

Data type = PHOSPHOPROTEIN
Expected	Expected	Observed
0.0	0.0	1.6736915403687825E-7
8.326394671107411E-4	8.326394671107411E-4	1.8266297607427305E-7
0.0016652789342214821	0.0016652789342214821	6.043506034279551E-7
0.002497918401332223	0.002497918401332223	1.4725361057436436E-6
0.0033305578684429643	0.0033305578684429643	5.024283305284115E-6
0.004163197335553705	0.004163197335553705	1.942063769989637E-5
0.004995836802664446	0.004995836802664446	3.000188762566694E-5
0.005828476269775187	0.005828476269775187	3.666652481217079E-5
0.006661115736885929	0.006661115736885929	3.761308828747644E-5
0.00749375520399667	0.00749375520399667	4.400051028901086E-5
0.00832639467110741	0.00832639467110741	6.30822722217644E-5
0.009159034138218152	0.009159034138218152	7.921925395295734E-5
0.009991673605328892	0.009991673605328892	7.978168405962587E-5
0.010824313072439634	0.010824313072439634	8.429863275338972E-5
0.011656952539550375	0.011656952539550375	9.476109887049711E-5
0.012489592006661115	0.012489592006661115	1.0647036754710818E-4
0.013322231473771857	0.013322231473771857	1.0700956008946209E-4
0.014154870940882597	0.014154870940882597	1.4488188440154115E-4
0.01498751040799334	0.01498751040799334	1.4960364224286956E-4
0.01582014987510408	0.01582014987510408	1.6745025891291845E-4
0.01665278934221482	0.01665278934221482	1.7217794383817312E-4
0.017485428809325562	0.017485428809325562	1.832447711701213E-4
0.018318068276436304	0.018318068276436304	1.8435061739595877E-4
0.019150707743547043	0.019150707743547043	1.9878663531398242E-4
0.019983347210657785	0.019983347210657785	2.090784131945287E-4
0.020815986677768527	0.020815986677768527	2.37423149389968E-4
0.02164862614487927	0.02164862614487927	2.4033148780921624E-4
0.022481265611990008	0.022481265611990008	2.5335248035114166E-4
0.02331390507910075	0.02331390507910075	3.096050198930645E-4
0.02414654454621149	0.02414654454621149	3.154939748281689E-4
0.02497918401332223	0.02497918401332223	3.333106976371592E-4
0.025811823480432972	0.025811823480432972	3.5465338928580397E-4
0.026644462947543714	0.026644462947543714	4.051621814386153E-4
0.027477102414654453	0.027477102414654453	4.1482972033119066E-4
0.028309741881765195	0.028309741881765195	4.4362048877449796E-4
0.029142381348875937	0.029142381348875937	4.785904178407816E-4
0.02997502081598668	0.02997502081598668	4.894518089211542E-4
0.030807660283097418	0.030807660283097418	5.063765295985034E-4
0.03164029975020816	0.03164029975020816	5.253926269468121E-4
0.0324729392173189	0.0324729392173189	5.587537248204346E-4
0.03330557868442964	0.03330557868442964	5.823052472763066E-4
0.03413821815154038	0.03413821815154038	5.909048975847725E-4
0.034970857618651124	0.034970857618651124	6.307585781302089E-4
0.035803497085761866	0.035803497085761866	6.790364172121801E-4
0.03663613655287261	0.03663613655287261	8.074977340005134E-4
0.03746877601998335	0.03746877601998335	8.489097863374573E-4
0.038301415487094086	0.038301415487094086	8.719786224974876E-4
0.03913405495420483	0.03913405495420483	8.905833190449201E-4
0.03996669442131557	0.03996669442131557	8.942513260002844E-4
0.04079933388842631	0.04079933388842631	9.486912955125505E-4
0.041631973355537054	0.041631973355537054	9.896016868137412E-4
0.042464612822647796	0.042464612822647796	0.0010845343685638243
0.04329725228975854	0.04329725228975854	0.0011734192737150155
0.04412989175686927	0.04412989175686927	0.001186095463940672
0.044962531223980015	0.044962531223980015	0.0011862654005121865
0.04579517069109076	0.04579517069109076	0.0012171010697091603
0.0466278101582015	0.0466278101582015	0.0012553979000166473
0.04746044962531224	0.04746044962531224	0.0013326510119620139
0.04829308909242298	0.04829308909242298	0.0013362908459573716
0.049125728559533725	0.049125728559533725	0.001355761377830397
0.04995836802664446	0.04995836802664446	0.0013872543507687262
0.0507910074937552	0.0507910074937552	0.001397294697436607
0.051623646960865945	0.051623646960865945	0.00141958289063434
0.05245628642797669	0.05245628642797669	0.0014313088398577082
0.05328892589508743	0.05328892589508743	0.001546974030304278
0.05412156536219817	0.05412156536219817	0.0015612501389571873
0.054954204829308906	0.054954204829308906	0.001570802146407147
0.05578684429641965	0.05578684429641965	0.001614077358868777
0.05661948376353039	0.05661948376353039	0.0016682539091141173
0.05745212323064113	0.05745212323064113	0.001809268369879066
0.058284762697751874	0.058284762697751874	0.0018987282607652038
0.059117402164862616	0.059117402164862616	0.001919243889664046
0.05995004163197336	0.05995004163197336	0.001943164323132287
0.06078268109908409	0.06078268109908409	0.0020099999877209464
0.061615320566194835	0.061615320566194835	0.0020427883244718142
0.06244796003330558	0.06244796003330558	0.0021008568094423308
0.06328059950041633	0.06328059950041633	0.002161143708627864
0.06411323896752706	0.06411323896752706	0.002174410912464473
0.0649458784346378	0.0649458784346378	0.002211588489047745
0.06577851790174855	0.06577851790174855	0.0024170162447465725
0.06661115736885928	0.06661115736885928	0.002481423349470712
0.06744379683597003	0.06744379683597003	0.002494028982887893
0.06827643630308076	0.06827643630308076	0.0025225246621057677
0.06910907577019151	0.06910907577019151	0.002548979294917709
0.06994171523730225	0.06994171523730225	0.0025743419737225483
0.07077435470441298	0.07077435470441298	0.0026166157926701857
0.07160699417152373	0.07160699417152373	0.002662996181377924
0.07243963363863447	0.07243963363863447	0.0026736383171712843
0.07327227310574522	0.07327227310574522	0.0027161798209930665
0.07410491257285595	0.07410491257285595	0.002889425535745649
0.0749375520399667	0.0749375520399667	0.002944682295222726
0.07577019150707744	0.07577019150707744	0.0029690306793017742
0.07660283097418817	0.07660283097418817	0.0029959617417616934
0.07743547044129892	0.07743547044129892	0.003195975680588197
0.07826810990840966	0.07826810990840966	0.003318560196593511
0.0791007493755204	0.0791007493755204	0.003351956985667964
0.07993338884263114	0.07993338884263114	0.003384695322784242
0.08076602830974189	0.08076602830974189	0.003404280424046869
0.08159866777685262	0.08159866777685262	0.0034169994632069823
0.08243130724396336	0.08243130724396336	0.0034648055782237706
0.08326394671107411	0.08326394671107411	0.003781040416098147
0.08409658617818484	0.08409658617818484	0.003881577655805558
0.08492922564529559	0.08492922564529559	0.004088409684953185
0.08576186511240633	0.08576186511240633	0.004154687871434976
0.08659450457951708	0.08659450457951708	0.004233813148599427
0.08742714404662781	0.08742714404662781	0.0043517703520045215
0.08825978351373855	0.08825978351373855	0.004386670956061947
0.0890924229808493	0.0890924229808493	0.0044703491756286256
0.08992506244796003	0.08992506244796003	0.004556591630800381
0.09075770191507078	0.09075770191507078	0.004560574182512491
0.09159034138218151	0.09159034138218151	0.004622099741494401
0.09242298084929226	0.09242298084929226	0.0046827883544137685
0.093255620316403	0.093255620316403	0.004730020184875932
0.09408825978351373	0.09408825978351373	0.004769963918876029
0.09492089925062448	0.09492089925062448	0.004893691006124379
0.09575353871773522	0.09575353871773522	0.004919254120183082
0.09658617818484597	0.09658617818484597	0.004947942640534321
0.0974188176519567	0.0974188176519567	0.004959050605285669
0.09825145711906745	0.09825145711906745	0.0049749188177219345
0.09908409658617819	0.09908409658617819	0.004982801170738873
0.09991673605328892	0.09991673605328892	0.00509195820416548
0.10074937552039967	0.10074937552039967	0.005163262024507653
0.1015820149875104	0.1015820149875104	0.0051673060361773345
0.10241465445462115	0.10241465445462115	0.0052834813368200974
0.10324729392173189	0.10324729392173189	0.0056662294370434215
0.10407993338884262	0.10407993338884262	0.005821535853699213
0.10491257285595337	0.10491257285595337	0.005874757396613831
0.10574521232306411	0.10574521232306411	0.005893490183258013
0.10657785179017486	0.10657785179017486	0.00625545468801379
0.10741049125728559	0.10741049125728559	0.006379116737867012
0.10824313072439634	0.10824313072439634	0.006410580883132305
0.10907577019150708	0.10907577019150708	0.006619751194974398
0.10990840965861781	0.10990840965861781	0.006775412153679385
0.11074104912572856	0.11074104912572856	0.006787366498308818
0.1115736885928393	0.1115736885928393	0.006968566630328112
0.11240632805995004	0.11240632805995004	0.007248037727819965
0.11323896752706078	0.11323896752706078	0.007287407518280056
0.11407160699417153	0.11407160699417153	0.007437239380325372
0.11490424646128226	0.11490424646128226	0.007469020647049285
0.115736885928393	0.115736885928393	0.007490690698371475
0.11656952539550375	0.11656952539550375	0.007497841527808073
0.11740216486261448	0.11740216486261448	0.007541120281855307
0.11823480432972523	0.11823480432972523	0.007736974973366409
0.11906744379683597	0.11906744379683597	0.00793537683268958
0.11990008326394672	0.11990008326394672	0.00812592514275002
0.12073272273105745	0.12073272273105745	0.008187496434305162
0.12156536219816819	0.12156536219816819	0.008451560694339045
0.12239800166527894	0.12239800166527894	0.008500357733860403
0.12323064113238967	0.12323064113238967	0.008515090982463475
0.12406328059950042	0.12406328059950042	0.008569215521897516
0.12489592006661115	0.12489592006661115	0.00861150296011688
0.1257285595337219	0.1257285595337219	0.008671347015198191
0.12656119900083265	0.12656119900083265	0.008795739337116167
0.1273938384679434	0.1273938384679434	0.008971693075464924
0.12822647793505412	0.12822647793505412	0.009025054369005409
0.12905911740216486	0.12905911740216486	0.009341332540220723
0.1298917568692756	0.1298917568692756	0.00945643197738004
0.13072439633638636	0.13072439633638636	0.009506048251659712
0.1315570358034971	0.1315570358034971	0.010039549878414381
0.13238967527060783	0.13238967527060783	0.010325420106420822
0.13322231473771856	0.13322231473771856	0.01055601158804128
0.1340549542048293	0.1340549542048293	0.01070487933935788
0.13488759367194006	0.13488759367194006	0.010710931115663931
0.1357202331390508	0.1357202331390508	0.010868493583010713
0.13655287260616153	0.13655287260616153	0.011011247099930767
0.13738551207327226	0.13738551207327226	0.011022555165226877
0.13821815154038303	0.13821815154038303	0.011151668973694285
0.13905079100749376	0.13905079100749376	0.011429915982405446
0.1398834304746045	0.1398834304746045	0.011717141833363694
0.14071606994171523	0.14071606994171523	0.011950412591554351
0.14154870940882597	0.14154870940882597	0.01199497303781694
0.14238134887593673	0.14238134887593673	0.01204866777263337
0.14321398834304747	0.14321398834304747	0.012474291299979076
0.1440466278101582	0.1440466278101582	0.012776146464764227
0.14487926727726894	0.14487926727726894	0.012859411187322796
0.14571190674437967	0.14571190674437967	0.013088787164319939
0.14654454621149043	0.14654454621149043	0.013312862496360394
0.14737718567860117	0.14737718567860117	0.013372632942068207
0.1482098251457119	0.1482098251457119	0.013591058850254748
0.14904246461282264	0.14904246461282264	0.013633387237095661
0.1498751040799334	0.1498751040799334	0.013768581288166928
0.15070774354704414	0.15070774354704414	0.013905176027074714
0.15154038301415487	0.15154038301415487	0.01395132775458092
0.1523730224812656	0.1523730224812656	0.014217823849550856
0.15320566194837634	0.15320566194837634	0.014229229077936537
0.1540383014154871	0.1540383014154871	0.014281275215123408
0.15487094088259784	0.15487094088259784	0.014288259612799406
0.15570358034970858	0.15570358034970858	0.014338820475250053
0.1565362198168193	0.1565362198168193	0.014390956983194592
0.15736885928393005	0.15736885928393005	0.014658249305756064
0.1582014987510408	0.1582014987510408	0.01478344631073616
0.15903413821815154	0.15903413821815154	0.014832616318659899
0.15986677768526228	0.15986677768526228	0.014866075407177833
0.16069941715237301	0.16069941715237301	0.015091127370711275
0.16153205661948378	0.16153205661948378	0.015091127370711275
0.1623646960865945	0.1623646960865945	0.015169760763159065
0.16319733555370525	0.16319733555370525	0.0154348422023952
0.16402997502081598	0.16402997502081598	0.015644507983899957
0.16486261448792672	0.16486261448792672	0.015685842993333338
0.16569525395503748	0.16569525395503748	0.015768895452863876
0.16652789342214822	0.16652789342214822	0.015888481567324073
0.16736053288925895	0.16736053288925895	0.016052662454359275
0.16819317235636969	0.16819317235636969	0.01646093824018957
0.16902581182348042	0.16902581182348042	0.016601925190985144
0.16985845129059118	0.16985845129059118	0.01660865457365961
0.17069109075770192	0.17069109075770192	0.01686352630446017
0.17152373022481265	0.17152373022481265	0.01701250901760831
0.1723563696919234	0.1723563696919234	0.017632041234433668
0.17318900915903415	0.17318900915903415	0.017852583167490582
0.1740216486261449	0.1740216486261449	0.01795748097166306
0.17485428809325562	0.17485428809325562	0.018081704165867074
0.17568692756036636	0.17568692756036636	0.018329773791840157
0.1765195670274771	0.1765195670274771	0.018373413766964965
0.17735220649458786	0.17735220649458786	0.01856390273393083
0.1781848459616986	0.1781848459616986	0.018768568455459003
0.17901748542880933	0.17901748542880933	0.018867392505810463
0.17985012489592006	0.17985012489592006	0.018881407519409026
0.1806827643630308	0.1806827643630308	0.01936651037705101
0.18151540383014156	0.18151540383014156	0.019667582251539178
0.1823480432972523	0.1823480432972523	0.01978284661008217
0.18318068276436303	0.18318068276436303	0.02001785972085754
0.18401332223147376	0.18401332223147376	0.020114841994788454
0.18484596169858453	0.18484596169858453	0.020215810106093038
0.18567860116569526	0.18567860116569526	0.020285669982714645
0.186511240632806	0.186511240632806	0.020484989509066846
0.18734388009991673	0.18734388009991673	0.02050987376032786
0.18817651956702747	0.18817651956702747	0.02066497388183282
0.18900915903413823	0.18900915903413823	0.020955549605935857
0.18984179850124897	0.18984179850124897	0.021068621728465544
0.1906744379683597	0.1906744379683597	0.021194652955216373
0.19150707743547044	0.19150707743547044	0.021258129517063084
0.19233971690258117	0.19233971690258117	0.021273995830123342
0.19317235636969193	0.19317235636969193	0.02130257027006588
0.19400499583680267	0.19400499583680267	0.021464822586290646
0.1948376353039134	0.1948376353039134	0.021502961090230345
0.19567027477102414	0.19567027477102414	0.02153851348062842
0.1965029142381349	0.1965029142381349	0.02200761152849259
0.19733555370524564	0.19733555370524564	0.02203006305246376
0.19816819317235637	0.19816819317235637	0.022278213400979015
0.1990008326394671	0.1990008326394671	0.022281117048277163
0.19983347210657784	0.19983347210657784	0.02235405741598493
0.2006661115736886	0.2006661115736886	0.022777572326897175
0.20149875104079934	0.20149875104079934	0.022787848152408127
0.20233139050791007	0.20233139050791007	0.022793642987021977
0.2031640299750208	0.2031640299750208	0.022809462444306136
0.20399666944213155	0.20399666944213155	0.02295662039944821
0.2048293089092423	0.2048293089092423	0.023413869696848267
0.20566194837635304	0.20566194837635304	0.023592566956158367
0.20649458784346378	0.20649458784346378	0.02371639619473425
0.2073272273105745	0.2073272273105745	0.02395740769686053
0.20815986677768525	0.20815986677768525	0.02415980181099185
0.208992506244796	0.208992506244796	0.02419809552983848
0.20982514571190675	0.20982514571190675	0.024262506214401378
0.21065778517901748	0.21065778517901748	0.02461005539968978
0.21149042464612822	0.21149042464612822	0.02552118733823646
0.21232306411323898	0.21232306411323898	0.025602474919436177
0.21315570358034971	0.21315570358034971	0.026331007706945908
0.21398834304746045	0.21398834304746045	0.02651405531489572
0.21482098251457118	0.21482098251457118	0.027115688989215125
0.21565362198168192	0.21565362198168192	0.027527033413490307
0.21648626144879268	0.21648626144879268	0.02785102495634816
0.21731890091590342	0.21731890091590342	0.028736875026026763
0.21815154038301415	0.21815154038301415	0.02888898697535313
0.2189841798501249	0.2189841798501249	0.029364706983934875
0.21981681931723562	0.21981681931723562	0.02973193507758154
0.2206494587843464	0.2206494587843464	0.030059021764224748
0.22148209825145712	0.22148209825145712	0.03048563292067039
0.22231473771856786	0.22231473771856786	0.031273381587733455
0.2231473771856786	0.2231473771856786	0.03153262325521772
0.22398001665278935	0.22398001665278935	0.03165984143210659
0.2248126561199001	0.2248126561199001	0.031858614707261215
0.22564529558701082	0.22564529558701082	0.031899646207305364
0.22647793505412156	0.22647793505412156	0.032066408651703696
0.2273105745212323	0.2273105745212323	0.03253691027750389
0.22814321398834306	0.22814321398834306	0.03274142842251943
0.2289758534554538	0.2289758534554538	0.032777848258151436
0.22980849292256453	0.22980849292256453	0.03359559533487118
0.23064113238967526	0.23064113238967526	0.033698740052623806
0.231473771856786	0.231473771856786	0.03450016819405531
0.23230641132389676	0.23230641132389676	0.03468791531234512
0.2331390507910075	0.2331390507910075	0.03489851951101947
0.23397169025811823	0.23397169025811823	0.03517448661602564
0.23480432972522897	0.23480432972522897	0.035401167319424394
0.23563696919233973	0.23563696919233973	0.03570676045161319
0.23646960865945046	0.23646960865945046	0.035741353737500994
0.2373022481265612	0.2373022481265612	0.03590677313340269
0.23813488759367193	0.23813488759367193	0.03601952521184782
0.23896752706078267	0.23896752706078267	0.03601952521184782
0.23980016652789343	0.23980016652789343	0.03651649585389997
0.24063280599500417	0.24063280599500417	0.036979060371555364
0.2414654454621149	0.2414654454621149	0.037243771439611204
0.24229808492922564	0.24229808492922564	0.03745860790697705
0.24313072439633637	0.24313072439633637	0.03904649801315594
0.24396336386344714	0.24396336386344714	0.03953528371186494
0.24479600333055787	0.24479600333055787	0.03967563161984127
0.2456286427976686	0.2456286427976686	0.039925147198828365
0.24646128226477934	0.24646128226477934	0.03999617464898497
0.2472939217318901	0.2472939217318901	0.04060199061353852
0.24812656119900084	0.24812656119900084	0.04079602120913424
0.24895920066611157	0.24895920066611157	0.040875752866152214
0.2497918401332223	0.2497918401332223	0.041090450420876556
0.25062447960033307	0.25062447960033307	0.04199234831246694
0.2514571190674438	0.2514571190674438	0.04211636703255036
0.25228975853455454	0.25228975853455454	0.04212511708118307
0.2531223980016653	0.2531223980016653	0.04213232258705504
0.253955037468776	0.253955037468776	0.04268179118948965
0.2547876769358868	0.2547876769358868	0.04356893270273268
0.2556203164029975	0.2556203164029975	0.0448089294211613
0.25645295587010825	0.25645295587010825	0.04497920610940945
0.257285595337219	0.257285595337219	0.04505513943404562
0.2581182348043297	0.2581182348043297	0.0459878081910879
0.2589508742714405	0.2589508742714405	0.04615159095940007
0.2597835137385512	0.2597835137385512	0.04617971355995205
0.26061615320566195	0.26061615320566195	0.04635906838103274
0.2614487926727727	0.2614487926727727	0.04746241124031843
0.2622814321398834	0.2622814321398834	0.04801946777257609
0.2631140716069942	0.2631140716069942	0.04860272347923298
0.2639467110741049	0.2639467110741049	0.04889254513028907
0.26477935054121565	0.26477935054121565	0.04914363811817676
0.2656119900083264	0.2656119900083264	0.04967219929110951
0.2664446294754371	0.2664446294754371	0.050036431002867
0.2672772689425479	0.2672772689425479	0.050267750757510894
0.2681099084096586	0.2681099084096586	0.0506096384507699
0.26894254787676936	0.26894254787676936	0.050610157627152444
0.2697751873438801	0.2697751873438801	0.05077009563742224
0.2706078268109908	0.2706078268109908	0.050956926653119364
0.2714404662781016	0.2714404662781016	0.05102549902797521
0.2722731057452123	0.2722731057452123	0.05125299248278457
0.27310574521232306	0.27310574521232306	0.0515757416141545
0.2739383846794338	0.2739383846794338	0.05163374219492357
0.27477102414654453	0.27477102414654453	0.05187319476054687
0.2756036636136553	0.2756036636136553	0.05217729771077313
0.27643630308076605	0.27643630308076605	0.052368016799909684
0.27726894254787676	0.27726894254787676	0.05326119794495685
0.2781015820149875	0.2781015820149875	0.05332321953384056
0.27893422148209823	0.27893422148209823	0.05466756039631482
0.279766860949209	0.279766860949209	0.05470922542677782
0.28059950041631976	0.28059950041631976	0.05490667358450321
0.28143213988343047	0.28143213988343047	0.055199472580513304
0.28226477935054123	0.28226477935054123	0.05589610683595348
0.28309741881765194	0.28309741881765194	0.05603157771006428
0.2839300582847627	0.2839300582847627	0.056052563386037965
0.28476269775187346	0.28476269775187346	0.0562089923187629
0.28559533721898417	0.28559533721898417	0.05644933574647277
0.28642797668609493	0.28642797668609493	0.057692048928925294
0.28726061615320564	0.28726061615320564	0.057701262784687596
0.2880932556203164	0.2880932556203164	0.05778628890636566
0.28892589508742716	0.28892589508742716	0.05792186339568809
0.28975853455453787	0.28975853455453787	0.058640014593058086
0.29059117402164863	0.29059117402164863	0.05865047884191536
0.29142381348875934	0.29142381348875934	0.05876949064594984
0.2922564529558701	0.2922564529558701	0.05968785438872836
0.29308909242298087	0.29308909242298087	0.060106611216108476
0.2939217318900916	0.2939217318900916	0.0602530343728499
0.29475437135720234	0.29475437135720234	0.06068074890831155
0.29558701082431305	0.29558701082431305	0.060961476887731784
0.2964196502914238	0.2964196502914238	0.060961476887731784
0.29725228975853457	0.29725228975853457	0.06104551135078207
0.2980849292256453	0.2980849292256453	0.061276881882948164
0.29891756869275604	0.29891756869275604	0.061276881882948164
0.2997502081598668	0.2997502081598668	0.06189832175095485
0.3005828476269775	0.3005828476269775	0.06235920572348566
0.3014154870940883	0.3014154870940883	0.06256959282376849
0.302248126561199	0.302248126561199	0.06489396585729394
0.30308076602830974	0.30308076602830974	0.06490667080072735
0.3039134054954205	0.3039134054954205	0.06524498473430697
0.3047460449625312	0.3047460449625312	0.06618915252373658
0.305578684429642	0.305578684429642	0.06690796711232097
0.3064113238967527	0.3064113238967527	0.06736141295762334
0.30724396336386345	0.30724396336386345	0.06792551615492587
0.3080766028309742	0.3080766028309742	0.0680706679526304
0.3089092422980849	0.3089092422980849	0.06874525146726573
0.3097418817651957	0.3097418817651957	0.06935546292569311
0.3105745212323064	0.3105745212323064	0.0702959811631386
0.31140716069941715	0.31140716069941715	0.07053065706991642
0.3122398001665279	0.3122398001665279	0.0714281534019049
0.3130724396336386	0.3130724396336386	0.07168974563851742
0.3139050791007494	0.3139050791007494	0.07184545526069773
0.3147377185678601	0.3147377185678601	0.0719619117994187
0.31557035803497085	0.31557035803497085	0.07264026073340449
0.3164029975020816	0.3164029975020816	0.07267852464974944
0.3172356369691923	0.3172356369691923	0.07283943983890526
0.3180682764363031	0.3180682764363031	0.07318505200945316
0.3189009159034138	0.3189009159034138	0.07381875742899979
0.31973355537052456	0.31973355537052456	0.07385620152746841
0.3205661948376353	0.3205661948376353	0.07403330057424573
0.32139883430474603	0.32139883430474603	0.0741424888351938
0.3222314737718568	0.3222314737718568	0.07473881457166527
0.32306411323896755	0.32306411323896755	0.0750942682578818
0.32389675270607826	0.32389675270607826	0.07538213804882232
0.324729392173189	0.324729392173189	0.07555797240096745
0.32556203164029973	0.32556203164029973	0.07615387623283534
0.3263946711074105	0.3263946711074105	0.07660434375330773
0.32722731057452126	0.32722731057452126	0.07667126602890899
0.32805995004163196	0.32805995004163196	0.0772764219714192
0.3288925895087427	0.3288925895087427	0.07752337976682475
0.32972522897585343	0.32972522897585343	0.07762087878121496
0.3305578684429642	0.3305578684429642	0.0784454818265449
0.33139050791007496	0.33139050791007496	0.07864209921311262
0.33222314737718567	0.33222314737718567	0.07911905016951999
0.33305578684429643	0.33305578684429643	0.07955575661962033
0.33388842631140714	0.33388842631140714	0.08001145852247533
0.3347210657785179	0.3347210657785179	0.08001145852247533
0.33555370524562866	0.33555370524562866	0.08001145852247533
0.33638634471273937	0.33638634471273937	0.08050929943192148
0.33721898417985013	0.33721898417985013	0.08148305089323823
0.33805162364696084	0.33805162364696084	0.08153908205523679
0.3388842631140716	0.3388842631140716	0.08235895089617502
0.33971690258118237	0.33971690258118237	0.0826383021319375
0.3405495420482931	0.3405495420482931	0.08317628177190929
0.34138218151540384	0.34138218151540384	0.08420428945077663
0.34221482098251454	0.34221482098251454	0.08480453002786993
0.3430474604496253	0.3430474604496253	0.08595176195855453
0.34388009991673607	0.34388009991673607	0.08674619096703141
0.3447127393838468	0.3447127393838468	0.08721141406948195
0.34554537885095754	0.34554537885095754	0.08778359767630071
0.3463780183180683	0.3463780183180683	0.08799921541649236
0.347210657785179	0.347210657785179	0.08802739542934146
0.3480432972522898	0.3480432972522898	0.08807883308166277
0.3488759367194005	0.3488759367194005	0.08824485441665866
0.34970857618651124	0.34970857618651124	0.08828384590767564
0.350541215653622	0.350541215653622	0.08974637883424819
0.3513738551207327	0.3513738551207327	0.09052510724824468
0.3522064945878435	0.3522064945878435	0.09059538341629206
0.3530391340549542	0.3530391340549542	0.09070047516227238
0.35387177352206495	0.35387177352206495	0.0912287619629607
0.3547044129891757	0.3547044129891757	0.09185884780561282
0.3555370524562864	0.3555370524562864	0.0919623782804712
0.3563696919233972	0.3563696919233972	0.09246300449551702
0.3572023313905079	0.3572023313905079	0.0928134626746136
0.35803497085761865	0.35803497085761865	0.09363981608699365
0.3588676103247294	0.3588676103247294	0.0940808837032974
0.3597002497918401	0.3597002497918401	0.09451505303242505
0.3605328892589509	0.3605328892589509	0.0947137191589649
0.3613655287260616	0.3613655287260616	0.09610488144577775
0.36219816819317235	0.36219816819317235	0.09627125632801523
0.3630308076602831	0.3630308076602831	0.09666900035735866
0.3638634471273938	0.3638634471273938	0.09698023945695283
0.3646960865945046	0.3646960865945046	0.097403089075664
0.3655287260616153	0.3655287260616153	0.09765449599056202
0.36636136552872606	0.36636136552872606	0.09780631454844738
0.3671940049958368	0.3671940049958368	0.09815692356390997
0.3680266444629475	0.3680266444629475	0.09867401683812661
0.3688592839300583	0.3688592839300583	0.09893163309738183
0.36969192339716905	0.36969192339716905	0.0992399958897837
0.37052456286427976	0.37052456286427976	0.09931045414722822
0.3713572023313905	0.3713572023313905	0.09942149897669035
0.37218984179850123	0.37218984179850123	0.09960773378941883
0.373022481265612	0.373022481265612	0.10013969757211695
0.37385512073272276	0.37385512073272276	0.10057304404864063
0.37468776019983346	0.37468776019983346	0.10113256537833219
0.3755203996669442	0.3755203996669442	0.1019706644796446
0.37635303913405493	0.37635303913405493	0.1037427894552198
0.3771856786011657	0.3771856786011657	0.10382979366274962
0.37801831806827646	0.37801831806827646	0.10440902193602786
0.37885095753538717	0.37885095753538717	0.10451960560780811
0.37968359700249793	0.37968359700249793	0.10478198356849215
0.38051623646960864	0.38051623646960864	0.10537946936479795
0.3813488759367194	0.3813488759367194	0.10573912479830774
0.38218151540383016	0.38218151540383016	0.10575938021333396
0.38301415487094087	0.38301415487094087	0.10733254552466115
0.38384679433805163	0.38384679433805163	0.10841053997065224
0.38467943380516234	0.38467943380516234	0.10874278898800208
0.3855120732722731	0.3855120732722731	0.10939966583449187
0.38634471273938387	0.38634471273938387	0.10945555209411041
0.3871773522064946	0.3871773522064946	0.10945720961229194
0.38800999167360534	0.38800999167360534	0.10979555068852523
0.38884263114071604	0.38884263114071604	0.1100174008109253
0.3896752706078268	0.3896752706078268	0.11002736594699443
0.39050791007493757	0.39050791007493757	0.11007448901590684
0.3913405495420483	0.3913405495420483	0.11023117917553708
0.39217318900915904	0.39217318900915904	0.11031900094648947
0.3930058284762698	0.3930058284762698	0.11130362198260654
0.3938384679433805	0.3938384679433805	0.11239311516934461
0.3946711074104913	0.3946711074104913	0.11241855671682746
0.395503746877602	0.395503746877602	0.11349417220495511
0.39633638634471274	0.39633638634471274	0.1143879866657163
0.3971690258118235	0.3971690258118235	0.11454283665342549
0.3980016652789342	0.3980016652789342	0.11474557292107229
0.398834304746045	0.398834304746045	0.11574596803683834
0.3996669442131557	0.3996669442131557	0.11715116564019702
0.40049958368026645	0.40049958368026645	0.11756306647042895
0.4013322231473772	0.4013322231473772	0.1175903905482162
0.4021648626144879	0.4021648626144879	0.11787126584544737
0.4029975020815987	0.4029975020815987	0.1179677242109502
0.4038301415487094	0.4038301415487094	0.1185464687145132
0.40466278101582015	0.40466278101582015	0.11966461492560217
0.4054954204829309	0.4054954204829309	0.11992998100184969
0.4063280599500416	0.4063280599500416	0.11993467303450128
0.4071606994171524	0.4071606994171524	0.11996427395289852
0.4079933388842631	0.4079933388842631	0.12022456238813459
0.40882597835137385	0.40882597835137385	0.12174662296162032
0.4096586178184846	0.4096586178184846	0.12177785397010749
0.4104912572855953	0.4104912572855953	0.12235761141222924
0.4113238967527061	0.4113238967527061	0.12309246022127723
0.4121565362198168	0.4121565362198168	0.12405039594793693
0.41298917568692756	0.41298917568692756	0.12454872944104171
0.4138218151540383	0.4138218151540383	0.12463503442222135
0.414654454621149	0.414654454621149	0.12521300877001237
0.4154870940882598	0.4154870940882598	0.12533523548216247
0.4163197335553705	0.4163197335553705	0.12552230023750185
0.41715237302248126	0.41715237302248126	0.12559425973681684
0.417985012489592	0.417985012489592	0.1257039330453463
0.41881765195670273	0.41881765195670273	0.12751968899034286
0.4196502914238135	0.4196502914238135	0.12971612084951797
0.42048293089092426	0.42048293089092426	0.13029521412244804
0.42131557035803496	0.42131557035803496	0.13038701537086414
0.4221482098251457	0.4221482098251457	0.13069099708183768
0.42298084929225643	0.42298084929225643	0.13069099708183768
0.4238134887593672	0.4238134887593672	0.13069099708183768
0.42464612822647796	0.42464612822647796	0.13150660780639348
0.42547876769358867	0.42547876769358867	0.13508612452499721
0.42631140716069943	0.42631140716069943	0.1351355227571382
0.42714404662781014	0.42714404662781014	0.1364876251207949
0.4279766860949209	0.4279766860949209	0.13686147999708184
0.42880932556203166	0.42880932556203166	0.13722278861067386
0.42964196502914237	0.42964196502914237	0.13733004266939516
0.43047460449625313	0.43047460449625313	0.13822559549926683
0.43130724396336384	0.43130724396336384	0.13865523560396165
0.4321398834304746	0.4321398834304746	0.1393818431940081
0.43297252289758537	0.43297252289758537	0.14137026879947892
0.4338051623646961	0.4338051623646961	0.14273068536450806
0.43463780183180684	0.43463780183180684	0.14320295530711283
0.43547044129891754	0.43547044129891754	0.14368603932063287
0.4363030807660283	0.4363030807660283	0.1441562430522578
0.43713572023313907	0.43713572023313907	0.1451001963634069
0.4379683597002498	0.4379683597002498	0.14774542788107603
0.43880099916736054	0.43880099916736054	0.14900809366936646
0.43963363863447125	0.43963363863447125	0.14980354746848037
0.440466278101582	0.440466278101582	0.15017654893385896
0.4412989175686928	0.4412989175686928	0.15057266174950845
0.4421315570358035	0.4421315570358035	0.15079319868289123
0.44296419650291424	0.44296419650291424	0.15124652157331192
0.443796835970025	0.443796835970025	0.15127522226027706
0.4446294754371357	0.4446294754371357	0.1514688899095591
0.4454621149042465	0.4454621149042465	0.1520364812111157
0.4462947543713572	0.4462947543713572	0.1524092969489061
0.44712739383846795	0.44712739383846795	0.15277474639816985
0.4479600333055787	0.4479600333055787	0.15300682219697725
0.4487926727726894	0.4487926727726894	0.15304062740409705
0.4496253122398002	0.4496253122398002	0.1541694762431793
0.4504579517069109	0.4504579517069109	0.15514682299317828
0.45129059117402165	0.45129059117402165	0.15514736999960166
0.4521232306411324	0.4521232306411324	0.15536996190894325
0.4529558701082431	0.4529558701082431	0.1554062719067804
0.4537885095753539	0.4537885095753539	0.1557750228891257
0.4546211490424646	0.4546211490424646	0.15594062410386797
0.45545378850957535	0.45545378850957535	0.15618239090958008
0.4562864279766861	0.4562864279766861	0.1572550691494062
0.4571190674437968	0.4571190674437968	0.15897751057433002
0.4579517069109076	0.4579517069109076	0.15937425806378874
0.4587843463780183	0.4587843463780183	0.15937425806378874
0.45961698584512906	0.45961698584512906	0.1613844865220985
0.4604496253122398	0.4604496253122398	0.1619220694386065
0.4612822647793505	0.4612822647793505	0.1628316230708815
0.4621149042464613	0.4621149042464613	0.16325307775431924
0.462947543713572	0.462947543713572	0.16332879577061923
0.46378018318068276	0.46378018318068276	0.16365134827714656
0.4646128226477935	0.4646128226477935	0.16437513090778572
0.46544546211490423	0.46544546211490423	0.16452672701476678
0.466278101582015	0.466278101582015	0.164564315822348
0.46711074104912575	0.46711074104912575	0.16785264085527254
0.46794338051623646	0.46794338051623646	0.1684578674457398
0.4687760199833472	0.4687760199833472	0.1708352162041567
0.46960865945045793	0.46960865945045793	0.17113308916206582
0.4704412989175687	0.4704412989175687	0.1717279788962196
0.47127393838467946	0.47127393838467946	0.17221166005069577
0.47210657785179017	0.47210657785179017	0.17293570068601574
0.47293921731890093	0.47293921731890093	0.17384514216035293
0.47377185678601164	0.47377185678601164	0.17392617229639568
0.4746044962531224	0.4746044962531224	0.1739391334960345
0.47543713572023316	0.47543713572023316	0.17412550758743414
0.47626977518734387	0.47626977518734387	0.17489016315913875
0.47710241465445463	0.47710241465445463	0.1762368307203156
0.47793505412156534	0.47793505412156534	0.17624372698739266
0.4787676935886761	0.4787676935886761	0.17675721370060726
0.47960033305578686	0.47960033305578686	0.17688605977864993
0.4804329725228976	0.4804329725228976	0.17939130831081354
0.48126561199000834	0.48126561199000834	0.1796220337308354
0.48209825145711904	0.48209825145711904	0.1799477663453711
0.4829308909242298	0.4829308909242298	0.18096984739922506
0.48376353039134057	0.48376353039134057	0.18148271874114053
0.4845961698584513	0.4845961698584513	0.18150663852718385
0.48542880932556204	0.48542880932556204	0.1828594733964738
0.48626144879267275	0.48626144879267275	0.1831762275692177
0.4870940882597835	0.4870940882597835	0.18420098105793054
0.48792672772689427	0.48792672772689427	0.18464742644153204
0.488759367194005	0.488759367194005	0.1859922738751951
0.48959200666111574	0.48959200666111574	0.1861166225063916
0.4904246461282265	0.4904246461282265	0.18658054827319046
0.4912572855953372	0.4912572855953372	0.18818549686499209
0.492089925062448	0.492089925062448	0.18997725089191353
0.4929225645295587	0.4929225645295587	0.19066718418711615
0.49375520399666945	0.49375520399666945	0.19255896193153121
0.4945878434637802	0.4945878434637802	0.19377000817457446
0.4954204829308909	0.4954204829308909	0.19378032386872834
0.4962531223980017	0.4962531223980017	0.1943520380199741
0.4970857618651124	0.4970857618651124	0.1952464555179177
0.49791840133222315	0.49791840133222315	0.19553529170495643
0.4987510407993339	0.4987510407993339	0.1958243260443573
0.4995836802664446	0.4995836802664446	0.19729592404524643
0.5004163197335554	0.5004163197335554	0.19832740321570289
0.5012489592006661	0.5012489592006661	0.19883778135330973
0.5020815986677769	0.5020815986677769	0.20063780325832956
0.5029142381348876	0.5029142381348876	0.20074176640817143
0.5037468776019983	0.5037468776019983	0.20084530901336867
0.5045795170691091	0.5045795170691091	0.20236937158041102
0.5054121565362198	0.5054121565362198	0.203501419058995
0.5062447960033306	0.5062447960033306	0.2045980661115275
0.5070774354704413	0.5070774354704413	0.20645676969123988
0.507910074937552	0.507910074937552	0.2070933279287259
0.5087427144046628	0.5087427144046628	0.20792935279238645
0.5095753538717736	0.5095753538717736	0.20964965715277695
0.5104079933388843	0.5104079933388843	0.21011415497558283
0.511240632805995	0.511240632805995	0.21040625213740896
0.5120732722731057	0.5120732722731057	0.212928574539334
0.5129059117402165	0.5129059117402165	0.21353967414615505
0.5137385512073273	0.5137385512073273	0.21464301052501034
0.514571190674438	0.514571190674438	0.21676741038720687
0.5154038301415487	0.5154038301415487	0.21710555390168584
0.5162364696086594	0.5162364696086594	0.21728598311337755
0.5170691090757702	0.5170691090757702	0.2183591898824323
0.517901748542881	0.517901748542881	0.21837002015607276
0.5187343880099917	0.5187343880099917	0.21923611396023213
0.5195670274771024	0.5195670274771024	0.2210455950059198
0.5203996669442131	0.5203996669442131	0.2236606888473721
0.5212323064113239	0.5212323064113239	0.2238266822431113
0.5220649458784347	0.5220649458784347	0.22498806038443075
0.5228975853455454	0.5228975853455454	0.22637174038764432
0.5237302248126561	0.5237302248126561	0.2269556065580115
0.5245628642797668	0.5245628642797668	0.22895931898082802
0.5253955037468776	0.5253955037468776	0.231118109159119
0.5262281432139884	0.5262281432139884	0.23357551149367115
0.5270607826810991	0.5270607826810991	0.23440400285520224
0.5278934221482098	0.5278934221482098	0.23458581248239363
0.5287260616153205	0.5287260616153205	0.23506890180857337
0.5295587010824313	0.5295587010824313	0.23744120084287668
0.5303913405495421	0.5303913405495421	0.23768130054950154
0.5312239800166528	0.5312239800166528	0.23768979927588785
0.5320566194837635	0.5320566194837635	0.23772834971991857
0.5328892589508742	0.5328892589508742	0.23954217805690525
0.533721898417985	0.533721898417985	0.2403235851561858
0.5345545378850958	0.5345545378850958	0.24036310240325517
0.5353871773522065	0.5353871773522065	0.24044007968304135
0.5362198168193172	0.5362198168193172	0.24049169887262623
0.537052456286428	0.537052456286428	0.2410891926840839
0.5378850957535387	0.5378850957535387	0.24118206223349725
0.5387177352206495	0.5387177352206495	0.24189995046543822
0.5395503746877602	0.5395503746877602	0.24215234021096557
0.5403830141548709	0.5403830141548709	0.2430263641043704
0.5412156536219817	0.5412156536219817	0.24330426246786963
0.5420482930890924	0.5420482930890924	0.24417627253630536
0.5428809325562032	0.5428809325562032	0.2482859166048813
0.5437135720233139	0.5437135720233139	0.24859943091532744
0.5445462114904246	0.5445462114904246	0.2499644024979969
0.5453788509575354	0.5453788509575354	0.2499644024979969
0.5462114904246461	0.5462114904246461	0.250199139939834
0.5470441298917569	0.5470441298917569	0.2532227863001256
0.5478767693588676	0.5478767693588676	0.2559875562795212
0.5487094088259784	0.5487094088259784	0.25674296475200076
0.5495420482930891	0.5495420482930891	0.25818679673206646
0.5503746877601998	0.5503746877601998	0.25868053880253145
0.5512073272273106	0.5512073272273106	0.26010864593496963
0.5520399666944213	0.5520399666944213	0.26137581972725266
0.5528726061615321	0.5528726061615321	0.2624233642594229
0.5537052456286428	0.5537052456286428	0.2624233642594229
0.5545378850957535	0.5545378850957535	0.26468104451437147
0.5553705245628643	0.5553705245628643	0.2647389629446145
0.556203164029975	0.556203164029975	0.26502881480574736
0.5570358034970858	0.5570358034970858	0.266136454647083
0.5578684429641965	0.5578684429641965	0.2675215690757332
0.5587010824313072	0.5587010824313072	0.2676261422027728
0.559533721898418	0.559533721898418	0.26853722773070177
0.5603663613655288	0.5603663613655288	0.26890744461028826
0.5611990008326395	0.5611990008326395	0.2692808564267451
0.5620316402997502	0.5620316402997502	0.26999422108678506
0.5628642797668609	0.5628642797668609	0.2700793417187526
0.5636969192339717	0.5636969192339717	0.2704003803855022
0.5645295587010825	0.5645295587010825	0.27081353022553034
0.5653621981681932	0.5653621981681932	0.27181269669474917
0.5661948376353039	0.5661948376353039	0.27773805091473225
0.5670274771024146	0.5670274771024146	0.2778109753688702
0.5678601165695254	0.5678601165695254	0.27961481107412867
0.5686927560366362	0.5686927560366362	0.27961481107412867
0.5695253955037469	0.5695253955037469	0.2798688565423588
0.5703580349708576	0.5703580349708576	0.2812998555493822
0.5711906744379683	0.5711906744379683	0.28131459750322574
0.5720233139050791	0.5720233139050791	0.281705435748144
0.5728559533721899	0.5728559533721899	0.28195913035556797
0.5736885928393006	0.5736885928393006	0.2820561665233702
0.5745212323064113	0.5745212323064113	0.2823259319865803
0.575353871773522	0.575353871773522	0.2847678112935329
0.5761865112406328	0.5761865112406328	0.2855115200820847
0.5770191507077436	0.5770191507077436	0.2858807680291512
0.5778517901748543	0.5778517901748543	0.28602695228531405
0.578684429641965	0.578684429641965	0.2865561338809898
0.5795170691090757	0.5795170691090757	0.28737824173085325
0.5803497085761865	0.5803497085761865	0.2886328975475827
0.5811823480432973	0.5811823480432973	0.2900889591831729
0.582014987510408	0.582014987510408	0.29184851841241954
0.5828476269775187	0.5828476269775187	0.2933869753173661
0.5836802664446294	0.5836802664446294	0.2970877148123655
0.5845129059117402	0.5845129059117402	0.29766014732529433
0.585345545378851	0.585345545378851	0.29780614482455214
0.5861781848459617	0.5861781848459617	0.29808444255598066
0.5870108243130724	0.5870108243130724	0.29978961573451124
0.5878434637801832	0.5878434637801832	0.3017131454767951
0.5886761032472939	0.5886761032472939	0.3019505501034392
0.5895087427144047	0.5895087427144047	0.3031582764151007
0.5903413821815154	0.5903413821815154	0.3088197356051544
0.5911740216486261	0.5911740216486261	0.30913352444857245
0.5920066611157369	0.5920066611157369	0.3097587053462093
0.5928393005828476	0.5928393005828476	0.3124735085764936
0.5936719400499584	0.5936719400499584	0.31336237303287784
0.5945045795170691	0.5945045795170691	0.3139938539261141
0.5953372189841799	0.5953372189841799	0.3142289278419941
0.5961698584512906	0.5961698584512906	0.3147948263592204
0.5970024979184013	0.5970024979184013	0.3148794600526541
0.5978351373855121	0.5978351373855121	0.3163584580947568
0.5986677768526228	0.5986677768526228	0.316515596431615
0.5995004163197336	0.5995004163197336	0.3192147486445507
0.6003330557868443	0.6003330557868443	0.3205451428977907
0.601165695253955	0.601165695253955	0.3210541923082042
0.6019983347210658	0.6019983347210658	0.3216470990365895
0.6028309741881765	0.6028309741881765	0.32227504175044164
0.6036636136552873	0.6036636136552873	0.32291483179354563
0.604496253122398	0.604496253122398	0.326224529552959
0.6053288925895087	0.6053288925895087	0.3270607173691753
0.6061615320566195	0.6061615320566195	0.32742270876743007
0.6069941715237303	0.6069941715237303	0.3285846160156689
0.607826810990841	0.607826810990841	0.3301383301038523
0.6086594504579517	0.6086594504579517	0.33014347711230785
0.6094920899250624	0.6094920899250624	0.3305663855912415
0.6103247293921732	0.6103247293921732	0.33129771395415575
0.611157368859284	0.611157368859284	0.33551831703400714
0.6119900083263947	0.6119900083263947	0.33721195499993417
0.6128226477935054	0.6128226477935054	0.3382555213812366
0.6136552872606161	0.6136552872606161	0.3385420818255427
0.6144879267277269	0.6144879267277269	0.33917098493247533
0.6153205661948377	0.6153205661948377	0.34061197574619406
0.6161532056619484	0.6161532056619484	0.34283233688237313
0.6169858451290591	0.6169858451290591	0.3441051928475185
0.6178184845961698	0.6178184845961698	0.3447377020804664
0.6186511240632806	0.6186511240632806	0.3458594498905556
0.6194837635303914	0.6194837635303914	0.3469326254295301
0.6203164029975021	0.6203164029975021	0.3476466108203008
0.6211490424646128	0.6211490424646128	0.3477110898046014
0.6219816819317235	0.6219816819317235	0.3477110898046014
0.6228143213988343	0.6228143213988343	0.3485101929876746
0.6236469608659451	0.6236469608659451	0.3490132437419853
0.6244796003330558	0.6244796003330558	0.3495528916927655
0.6253122398001665	0.6253122398001665	0.3504528552155396
0.6261448792672772	0.6261448792672772	0.3510264185906192
0.626977518734388	0.626977518734388	0.35269713966695393
0.6278101582014988	0.6278101582014988	0.3528096560275126
0.6286427976686095	0.6286427976686095	0.3551402141449044
0.6294754371357202	0.6294754371357202	0.3556455410285527
0.630308076602831	0.630308076602831	0.3564730855658951
0.6311407160699417	0.6311407160699417	0.3573702286643392
0.6319733555370525	0.6319733555370525	0.3578369580309301
0.6328059950041632	0.6328059950041632	0.35834121343198144
0.6336386344712739	0.6336386344712739	0.35867945844641713
0.6344712739383847	0.6344712739383847	0.3595446580537336
0.6353039134054954	0.6353039134054954	0.36186434389084055
0.6361365528726062	0.6361365528726062	0.3634885583954526
0.6369691923397169	0.6369691923397169	0.3641638086346306
0.6378018318068276	0.6378018318068276	0.3674325952297348
0.6386344712739384	0.6386344712739384	0.3676324553232829
0.6394671107410491	0.6394671107410491	0.3694935295162387
0.6402997502081599	0.6402997502081599	0.3699512742915092
0.6411323896752706	0.6411323896752706	0.37069721858670923
0.6419650291423813	0.6419650291423813	0.3743016213831839
0.6427976686094921	0.6427976686094921	0.3752196198085507
0.6436303080766028	0.6436303080766028	0.3756224881811533
0.6444629475437136	0.6444629475437136	0.37581676718544943
0.6452955870108243	0.6452955870108243	0.3762420177993159
0.6461282264779351	0.6461282264779351	0.3765972400077565
0.6469608659450458	0.6469608659450458	0.3776812594449144
0.6477935054121565	0.6477935054121565	0.38285441750668103
0.6486261448792673	0.6486261448792673	0.38411796681743793
0.649458784346378	0.649458784346378	0.38560894715533445
0.6502914238134888	0.6502914238134888	0.386051361150369
0.6511240632805995	0.6511240632805995	0.38610590791091404
0.6519567027477102	0.6519567027477102	0.3879119689394598
0.652789342214821	0.652789342214821	0.38807775615446616
0.6536219816819318	0.6536219816819318	0.3885067383505323
0.6544546211490425	0.6544546211490425	0.389518567546685
0.6552872606161532	0.6552872606161532	0.3899973730634868
0.6561199000832639	0.6561199000832639	0.3906628420778172
0.6569525395503747	0.6569525395503747	0.3908359527665446
0.6577851790174855	0.6577851790174855	0.39347248519970757
0.6586178184845962	0.6586178184845962	0.39347248519970757
0.6594504579517069	0.6594504579517069	0.39397964617517733
0.6602830974188176	0.6602830974188176	0.3956703372291849
0.6611157368859284	0.6611157368859284	0.3962111258578791
0.6619483763530392	0.6619483763530392	0.3969607131687566
0.6627810158201499	0.6627810158201499	0.39788278446058156
0.6636136552872606	0.6636136552872606	0.3983887762464935
0.6644462947543713	0.6644462947543713	0.4043754668955232
0.6652789342214821	0.6652789342214821	0.4045320776951268
0.6661115736885929	0.6661115736885929	0.4050290479053982
0.6669442131557036	0.6669442131557036	0.4065649929494841
0.6677768526228143	0.6677768526228143	0.4070757607713721
0.668609492089925	0.668609492089925	0.40751526491852463
0.6694421315570358	0.6694421315570358	0.40913951717826436
0.6702747710241466	0.6702747710241466	0.4107256497980474
0.6711074104912573	0.6711074104912573	0.41083020976001616
0.671940049958368	0.671940049958368	0.4112773166270215
0.6727726894254787	0.6727726894254787	0.41158637742193716
0.6736053288925895	0.6736053288925895	0.41518445808794424
0.6744379683597003	0.6744379683597003	0.41807229146049807
0.675270607826811	0.675270607826811	0.4193003040844434
0.6761032472939217	0.6761032472939217	0.4202451961645476
0.6769358867610324	0.6769358867610324	0.420813722232365
0.6777685262281432	0.6777685262281432	0.4234327364445396
0.678601165695254	0.678601165695254	0.42692331371871084
0.6794338051623647	0.6794338051623647	0.4294860734562441
0.6802664446294754	0.6802664446294754	0.42961935105305193
0.6810990840965861	0.6810990840965861	0.4304805953404799
0.6819317235636969	0.6819317235636969	0.43151868187092435
0.6827643630308077	0.6827643630308077	0.4346776983462145
0.6835970024979184	0.6835970024979184	0.4346776983462145
0.6844296419650291	0.6844296419650291	0.43950726004499163
0.6852622814321399	0.6852622814321399	0.43955915070689555
0.6860949208992506	0.6860949208992506	0.44128134892159854
0.6869275603663614	0.6869275603663614	0.44580979690295053
0.6877601998334721	0.6877601998334721	0.44831767871328276
0.6885928393005828	0.6885928393005828	0.4485577579711695
0.6894254787676936	0.6894254787676936	0.4511397458973384
0.6902581182348043	0.6902581182348043	0.4517767838637021
0.6910907577019151	0.6910907577019151	0.4526571323816211
0.6919233971690258	0.6919233971690258	0.4527971064424283
0.6927560366361366	0.6927560366361366	0.45355160612919465
0.6935886761032473	0.6935886761032473	0.45636557966125646
0.694421315570358	0.694421315570358	0.45861155766214745
0.6952539550374688	0.6952539550374688	0.4598511303931895
0.6960865945045795	0.6960865945045795	0.4600365739509199
0.6969192339716903	0.6969192339716903	0.4638125845304081
0.697751873438801	0.697751873438801	0.46518107672710707
0.6985845129059117	0.6985845129059117	0.46604933408866556
0.6994171523730225	0.6994171523730225	0.46795294572359825
0.7002497918401333	0.7002497918401333	0.4688487959571356
0.701082431307244	0.701082431307244	0.47105476532580115
0.7019150707743547	0.7019150707743547	0.47108334899877213
0.7027477102414654	0.7027477102414654	0.47338156110293994
0.7035803497085762	0.7035803497085762	0.47643749719163475
0.704412989175687	0.704412989175687	0.47664865773083265
0.7052456286427977	0.7052456286427977	0.4780272204980578
0.7060782681099084	0.7060782681099084	0.47825453608445634
0.7069109075770191	0.7069109075770191	0.4790800676930679
0.7077435470441299	0.7077435470441299	0.48119255735963196
0.7085761865112407	0.7085761865112407	0.4818774389396706
0.7094088259783514	0.7094088259783514	0.48318418486655923
0.7102414654454621	0.7102414654454621	0.48441941129915855
0.7110741049125728	0.7110741049125728	0.4873166092285365
0.7119067443796836	0.7119067443796836	0.4888249943519334
0.7127393838467944	0.7127393838467944	0.4912154793924537
0.7135720233139051	0.7135720233139051	0.4928745506398511
0.7144046627810158	0.7144046627810158	0.4943566473692289
0.7152373022481265	0.7152373022481265	0.49440341152749545
0.7160699417152373	0.7160699417152373	0.4960565041082148
0.7169025811823481	0.7169025811823481	0.49614759004323994
0.7177352206494588	0.7177352206494588	0.496234537859889
0.7185678601165695	0.7185678601165695	0.4987411037011973
0.7194004995836802	0.7194004995836802	0.49917011128579025
0.720233139050791	0.720233139050791	0.5003881925884358
0.7210657785179018	0.7210657785179018	0.5011753881533816
0.7218984179850125	0.7218984179850125	0.5041840222563214
0.7227310574521232	0.7227310574521232	0.5047400449354202
0.723563696919234	0.723563696919234	0.5049073208131807
0.7243963363863447	0.7243963363863447	0.5065645084388806
0.7252289758534555	0.7252289758534555	0.5073560587781957
0.7260616153205662	0.7260616153205662	0.510491967286381
0.7268942547876769	0.7268942547876769	0.5167187214783439
0.7277268942547876	0.7277268942547876	0.5180405318064012
0.7285595337218984	0.7285595337218984	0.5192039620665743
0.7293921731890092	0.7293921731890092	0.5217684462705953
0.7302248126561199	0.7302248126561199	0.5218286529324143
0.7310574521232306	0.7310574521232306	0.5220670514855053
0.7318900915903414	0.7318900915903414	0.5220670514855053
0.7327227310574521	0.7327227310574521	0.5236292003577632
0.7335553705245629	0.7335553705245629	0.5238431046247256
0.7343880099916736	0.7343880099916736	0.5242834603459099
0.7352206494587843	0.7352206494587843	0.525737311727017
0.736053288925895	0.736053288925895	0.5262442265201743
0.7368859283930058	0.7368859283930058	0.5299458811734274
0.7377185678601166	0.7377185678601166	0.530103729959566
0.7385512073272273	0.7385512073272273	0.5308449500802124
0.7393838467943381	0.7393838467943381	0.5324313432411131
0.7402164862614488	0.7402164862614488	0.5326435377158261
0.7410491257285595	0.7410491257285595	0.5329492615639365
0.7418817651956703	0.7418817651956703	0.5358404232573591
0.742714404662781	0.742714404662781	0.540340752348638
0.7435470441298918	0.7435470441298918	0.541931501932844
0.7443796835970025	0.7443796835970025	0.5422414000820166
0.7452123230641132	0.7452123230641132	0.5426755809066663
0.746044962531224	0.746044962531224	0.5430063884608709
0.7468776019983348	0.7468776019983348	0.5433711911850829
0.7477102414654455	0.7477102414654455	0.5433711911850829
0.7485428809325562	0.7485428809325562	0.5433711911850829
0.7493755203996669	0.7493755203996669	0.5452302400855624
0.7502081598667777	0.7502081598667777	0.5456660442323018
0.7510407993338885	0.7510407993338885	0.5457968747135357
0.7518734388009992	0.7518734388009992	0.5462193554790453
0.7527060782681099	0.7527060782681099	0.5491055346039926
0.7535387177352206	0.7535387177352206	0.549245864738794
0.7543713572023314	0.7543713572023314	0.5499447787775852
0.7552039966694422	0.7552039966694422	0.5502221930073259
0.7560366361365529	0.7560366361365529	0.5523494673163817
0.7568692756036636	0.7568692756036636	0.5523494673163817
0.7577019150707743	0.7577019150707743	0.5523512200603509
0.7585345545378851	0.7585345545378851	0.5549593196541385
0.7593671940049959	0.7593671940049959	0.5565448410771432
0.7601998334721066	0.7601998334721066	0.5567494876007194
0.7610324729392173	0.7610324729392173	0.5570875780703524
0.761865112406328	0.761865112406328	0.5573919252181072
0.7626977518734388	0.7626977518734388	0.5607866853784449
0.7635303913405496	0.7635303913405496	0.5619802363288022
0.7643630308076603	0.7643630308076603	0.5661577606541626
0.765195670274771	0.765195670274771	0.567980228229018
0.7660283097418817	0.7660283097418817	0.5736679775814304
0.7668609492089925	0.7668609492089925	0.57537672709284
0.7676935886761033	0.7676935886761033	0.5756938087927332
0.768526228143214	0.768526228143214	0.5762355472451041
0.7693588676103247	0.7693588676103247	0.577604141759563
0.7701915070774354	0.7701915070774354	0.5806549225719078
0.7710241465445462	0.7710241465445462	0.5811952543155452
0.771856786011657	0.771856786011657	0.5835135676786836
0.7726894254787677	0.7726894254787677	0.5857102214444223
0.7735220649458784	0.7735220649458784	0.5868301472623677
0.7743547044129891	0.7743547044129891	0.587626481857173
0.7751873438800999	0.7751873438800999	0.5886276874765393
0.7760199833472107	0.7760199833472107	0.5895474266737206
0.7768526228143214	0.7768526228143214	0.5900443228097718
0.7776852622814321	0.7776852622814321	0.5928706907022565
0.7785179017485429	0.7785179017485429	0.5947109552908896
0.7793505412156536	0.7793505412156536	0.5958966225613537
0.7801831806827644	0.7801831806827644	0.5969335661402293
0.7810158201498751	0.7810158201498751	0.598289948820871
0.7818484596169858	0.7818484596169858	0.5989718430229376
0.7826810990840966	0.7826810990840966	0.5999927977656413
0.7835137385512073	0.7835137385512073	0.6004412615298396
0.7843463780183181	0.7843463780183181	0.6027730433204728
0.7851790174854288	0.7851790174854288	0.6035347963063686
0.7860116569525396	0.7860116569525396	0.607025591537498
0.7868442964196503	0.7868442964196503	0.6117653683470629
0.787676935886761	0.787676935886761	0.6134019977763936
0.7885095753538718	0.7885095753538718	0.6143113898368426
0.7893422148209825	0.7893422148209825	0.6160235086955592
0.7901748542880933	0.7901748542880933	0.6162927326402234
0.791007493755204	0.791007493755204	0.6183885068306378
0.7918401332223147	0.7918401332223147	0.6199347829645139
0.7926727726894255	0.7926727726894255	0.6202263028288866
0.7935054121565362	0.7935054121565362	0.6207195546740698
0.794338051623647	0.794338051623647	0.6208151010200349
0.7951706910907577	0.7951706910907577	0.6222763549255006
0.7960033305578684	0.7960033305578684	0.6259780728037072
0.7968359700249792	0.7968359700249792	0.6269750896321095
0.79766860949209	0.79766860949209	0.6272620496086717
0.7985012489592007	0.7985012489592007	0.6320244131050772
0.7993338884263114	0.7993338884263114	0.6326119691589539
0.8001665278934221	0.8001665278934221	0.6333387968739099
0.8009991673605329	0.8009991673605329	0.6355389901151035
0.8018318068276437	0.8018318068276437	0.6389835748978993
0.8026644462947544	0.8026644462947544	0.6398838250114409
0.8034970857618651	0.8034970857618651	0.6418929976320991
0.8043297252289758	0.8043297252289758	0.6434416203953626
0.8051623646960866	0.8051623646960866	0.6446467939788462
0.8059950041631974	0.8059950041631974	0.6456256802702798
0.8068276436303081	0.8068276436303081	0.6469846744801284
0.8076602830974188	0.8076602830974188	0.6501340959582724
0.8084929225645295	0.8084929225645295	0.652427184448175
0.8093255620316403	0.8093255620316403	0.6528785346212218
0.8101582014987511	0.8101582014987511	0.6534964100925184
0.8109908409658618	0.8109908409658618	0.6536695809348569
0.8118234804329725	0.8118234804329725	0.6557435403826174
0.8126561199000832	0.8126561199000832	0.6567124336483698
0.813488759367194	0.813488759367194	0.6589932402600402
0.8143213988343048	0.8143213988343048	0.6607743353336727
0.8151540383014155	0.8151540383014155	0.6617018006124539
0.8159866777685262	0.8159866777685262	0.6631608050895825
0.8168193172356369	0.8168193172356369	0.6647272747577633
0.8176519567027477	0.8176519567027477	0.6654483458108051
0.8184845961698585	0.8184845961698585	0.6661422219514207
0.8193172356369692	0.8193172356369692	0.6665484273552379
0.8201498751040799	0.8201498751040799	0.6692874123360306
0.8209825145711906	0.8209825145711906	0.6697624283393504
0.8218151540383014	0.8218151540383014	0.670528132821522
0.8226477935054122	0.8226477935054122	0.6722705916839191
0.8234804329725229	0.8234804329725229	0.6756446376283911
0.8243130724396336	0.8243130724396336	0.6764256788382232
0.8251457119067444	0.8251457119067444	0.676540392614974
0.8259783513738551	0.8259783513738551	0.6787558442460411
0.8268109908409659	0.8268109908409659	0.6811765806135138
0.8276436303080766	0.8276436303080766	0.6825246942277723
0.8284762697751873	0.8284762697751873	0.6827980097051614
0.829308909242298	0.829308909242298	0.6836741729839069
0.8301415487094088	0.8301415487094088	0.6838543045544431
0.8309741881765196	0.8309741881765196	0.6840254269331064
0.8318068276436303	0.8318068276436303	0.6844453068651137
0.832639467110741	0.832639467110741	0.6861704481465201
0.8334721065778518	0.8334721065778518	0.686840899079765
0.8343047460449625	0.8343047460449625	0.6872177806501272
0.8351373855120733	0.8351373855120733	0.6890840569965903
0.835970024979184	0.835970024979184	0.6924388469474121
0.8368026644462948	0.8368026644462948	0.6924388469474121
0.8376353039134055	0.8376353039134055	0.6924388469474121
0.8384679433805162	0.8384679433805162	0.6932664483529312
0.839300582847627	0.839300582847627	0.6932664483529312
0.8401332223147377	0.8401332223147377	0.6932664483529312
0.8409658617818485	0.8409658617818485	0.6932664483529312
0.8417985012489592	0.8417985012489592	0.6938663253754227
0.8426311407160699	0.8426311407160699	0.6938663253754227
0.8434637801831807	0.8434637801831807	0.6948427140061514
0.8442964196502915	0.8442964196502915	0.6955581491766987
0.8451290591174022	0.8451290591174022	0.699605887077466
0.8459616985845129	0.8459616985845129	0.7004192600952545
0.8467943380516236	0.8467943380516236	0.7029893557437542
0.8476269775187344	0.8476269775187344	0.70394435456024
0.8484596169858452	0.8484596169858452	0.7077866854043786
0.8492922564529559	0.8492922564529559	0.7081732376199459
0.8501248959200666	0.8501248959200666	0.7109267592844735
0.8509575353871773	0.8509575353871773	0.7110140183708651
0.8517901748542881	0.8517901748542881	0.7172383731001388
0.8526228143213989	0.8526228143213989	0.7219637365080811
0.8534554537885096	0.8534554537885096	0.7223690370698232
0.8542880932556203	0.8542880932556203	0.7238341544664535
0.855120732722731	0.855120732722731	0.725012646274436
0.8559533721898418	0.8559533721898418	0.7262568812794827
0.8567860116569526	0.8567860116569526	0.7314313810217881
0.8576186511240633	0.8576186511240633	0.7316983601732397
0.858451290591174	0.858451290591174	0.7320739971274437
0.8592839300582847	0.8592839300582847	0.7324162328011388
0.8601165695253955	0.8601165695253955	0.7327391990593422
0.8609492089925063	0.8609492089925063	0.7340045581232836
0.861781848459617	0.861781848459617	0.734789811432975
0.8626144879267277	0.8626144879267277	0.7389440713716746
0.8634471273938384	0.8634471273938384	0.740786098607505
0.8642797668609492	0.8642797668609492	0.7411760166264543
0.86511240632806	0.86511240632806	0.7420713307430042
0.8659450457951707	0.8659450457951707	0.7425541166513576
0.8667776852622814	0.8667776852622814	0.7438148749946001
0.8676103247293921	0.8676103247293921	0.7477559400473457
0.8684429641965029	0.8684429641965029	0.7478559088154187
0.8692756036636137	0.8692756036636137	0.7496891041131739
0.8701082431307244	0.8701082431307244	0.7502840214431552
0.8709408825978351	0.8709408825978351	0.7510459315581214
0.8717735220649458	0.8717735220649458	0.751344700820013
0.8726061615320566	0.8726061615320566	0.7551277212194073
0.8734388009991674	0.8734388009991674	0.7564454673500669
0.8742714404662781	0.8742714404662781	0.7579786653366596
0.8751040799333888	0.8751040799333888	0.7605854468749275
0.8759367194004996	0.8759367194004996	0.760609027012306
0.8767693588676103	0.8767693588676103	0.7635754919542413
0.8776019983347211	0.8776019983347211	0.7642869521945992
0.8784346378018318	0.8784346378018318	0.7670080567164437
0.8792672772689425	0.8792672772689425	0.7704906767785703
0.8800999167360533	0.8800999167360533	0.7733611873370224
0.880932556203164	0.880932556203164	0.7780753047785206
0.8817651956702748	0.8817651956702748	0.781507167005107
0.8825978351373855	0.8825978351373855	0.7833959578557375
0.8834304746044963	0.8834304746044963	0.7850035160238574
0.884263114071607	0.884263114071607	0.7864033546201423
0.8850957535387177	0.8850957535387177	0.7883358765213868
0.8859283930058285	0.8859283930058285	0.7884463241049129
0.8867610324729392	0.8867610324729392	0.7890293480636782
0.88759367194005	0.88759367194005	0.790914173980423
0.8884263114071607	0.8884263114071607	0.7930421904401362
0.8892589508742714	0.8892589508742714	0.7940173950718881
0.8900915903413822	0.8900915903413822	0.7977010370105342
0.890924229808493	0.890924229808493	0.8014073768964158
0.8917568692756037	0.8917568692756037	0.8031347492395909
0.8925895087427144	0.8925895087427144	0.8047907384751971
0.8934221482098251	0.8934221482098251	0.8105405207235521
0.8942547876769359	0.8942547876769359	0.8133749306524289
0.8950874271440467	0.8950874271440467	0.8133843827783012
0.8959200666111574	0.8959200666111574	0.816148383234323
0.8967527060782681	0.8967527060782681	0.8178555467018243
0.8975853455453788	0.8975853455453788	0.8189199345895518
0.8984179850124896	0.8984179850124896	0.8206148214062756
0.8992506244796004	0.8992506244796004	0.8209660820163089
0.9000832639467111	0.9000832639467111	0.8218373225276048
0.9009159034138218	0.9009159034138218	0.8228800133943484
0.9017485428809325	0.9017485428809325	0.8243278740957405
0.9025811823480433	0.9025811823480433	0.8274328262375117
0.9034138218151541	0.9034138218151541	0.8276768990150444
0.9042464612822648	0.9042464612822648	0.8339193180230929
0.9050791007493755	0.9050791007493755	0.8342546858178682
0.9059117402164862	0.9059117402164862	0.8349534690438869
0.906744379683597	0.906744379683597	0.8386729503877633
0.9075770191507078	0.9075770191507078	0.8406903608868568
0.9084096586178185	0.9084096586178185	0.841409882626026
0.9092422980849292	0.9092422980849292	0.8422308054933652
0.9100749375520399	0.9100749375520399	0.8493753000994598
0.9109075770191507	0.9109075770191507	0.8499276434122436
0.9117402164862615	0.9117402164862615	0.8523408315866682
0.9125728559533722	0.9125728559533722	0.8545629603461979
0.9134054954204829	0.9134054954204829	0.8549991771355993
0.9142381348875936	0.9142381348875936	0.8551144862724673
0.9150707743547044	0.9150707743547044	0.8551826740926958
0.9159034138218152	0.9159034138218152	0.856846783255765
0.9167360532889259	0.9167360532889259	0.8593572014554278
0.9175686927560366	0.9175686927560366	0.8608145897756176
0.9184013322231473	0.9184013322231473	0.8613145898056345
0.9192339716902581	0.9192339716902581	0.8627869862554074
0.9200666111573689	0.9200666111573689	0.8655200523316711
0.9208992506244796	0.9208992506244796	0.8677078013743661
0.9217318900915903	0.9217318900915903	0.8704464212403582
0.922564529558701	0.922564529558701	0.8782211157386446
0.9233971690258118	0.9233971690258118	0.8800791599442715
0.9242298084929226	0.9242298084929226	0.880815387733099
0.9250624479600333	0.9250624479600333	0.8812095316813066
0.925895087427144	0.925895087427144	0.8812095316813066
0.9267277268942548	0.9267277268942548	0.8826098400580364
0.9275603663613655	0.9275603663613655	0.8834711974854031
0.9283930058284763	0.9283930058284763	0.8839931407711311
0.929225645295587	0.929225645295587	0.8850538937131309
0.9300582847626978	0.9300582847626978	0.8872132000530739
0.9308909242298085	0.9308909242298085	0.8875863720847668
0.9317235636969192	0.9317235636969192	0.889687310131241
0.93255620316403	0.93255620316403	0.8900386583632836
0.9333888426311407	0.9333888426311407	0.8905202346871715
0.9342214820982515	0.9342214820982515	0.8931951762425899
0.9350541215653622	0.9350541215653622	0.8933395875047606
0.9358867610324729	0.9358867610324729	0.8936578749238229
0.9367194004995837	0.9367194004995837	0.8940102267805251
0.9375520399666945	0.9375520399666945	0.8952683747695984
0.9383846794338052	0.9383846794338052	0.8958387410648148
0.9392173189009159	0.9392173189009159	0.9002058285524155
0.9400499583680266	0.9400499583680266	0.9002441876109716
0.9408825978351374	0.9408825978351374	0.9018553262111789
0.9417152373022482	0.9417152373022482	0.9029208743612875
0.9425478767693589	0.9425478767693589	0.9036880013598891
0.9433805162364696	0.9433805162364696	0.9046789492819384
0.9442131557035803	0.9442131557035803	0.905217281614184
0.9450457951706911	0.9450457951706911	0.9062700982130312
0.9458784346378019	0.9458784346378019	0.9062858460308268
0.9467110741049126	0.9467110741049126	0.9100234402784553
0.9475437135720233	0.9475437135720233	0.9102724149624646
0.948376353039134	0.948376353039134	0.9111808983495958
0.9492089925062448	0.9492089925062448	0.911426864848754
0.9500416319733556	0.9500416319733556	0.9119784762426709
0.9508742714404663	0.9508742714404663	0.9122011017115303
0.951706910907577	0.951706910907577	0.9128597541898776
0.9525395503746877	0.9525395503746877	0.9199284613792755
0.9533721898417985	0.9533721898417985	0.9212008968638715
0.9542048293089093	0.9542048293089093	0.9238784456435515
0.95503746877602	0.95503746877602	0.9260622640124754
0.9558701082431307	0.9558701082431307	0.9261077559455753
0.9567027477102414	0.9567027477102414	0.9279994179157081
0.9575353871773522	0.9575353871773522	0.9280247395075898
0.958368026644463	0.958368026644463	0.9291063155268224
0.9592006661115737	0.9592006661115737	0.9306667670613706
0.9600333055786844	0.9600333055786844	0.9326698443823775
0.9608659450457951	0.9608659450457951	0.9336227506666354
0.9616985845129059	0.9616985845129059	0.9337093410891272
0.9625312239800167	0.9625312239800167	0.936493788465323
0.9633638634471274	0.9633638634471274	0.938635059824303
0.9641965029142381	0.9641965029142381	0.9415714171185888
0.9650291423813488	0.9650291423813488	0.9471319743752566
0.9658617818484596	0.9658617818484596	0.9477187771559734
0.9666944213155704	0.9666944213155704	0.9478180121129676
0.9675270607826811	0.9675270607826811	0.9480280448677371
0.9683597002497918	0.9683597002497918	0.94826908406401
0.9691923397169026	0.9691923397169026	0.9483132003526731
0.9700249791840133	0.9700249791840133	0.9493813438491113
0.9708576186511241	0.9708576186511241	0.9513115254297588
0.9716902581182348	0.9716902581182348	0.9526211463276731
0.9725228975853455	0.9725228975853455	0.9535951995382387
0.9733555370524563	0.9733555370524563	0.958630434806037
0.974188176519567	0.974188176519567	0.9604792741425472
0.9750208159866778	0.9750208159866778	0.9611206222770057
0.9758534554537885	0.9758534554537885	0.9623941785124549
0.9766860949208993	0.9766860949208993	0.9654685267613599
0.97751873438801	0.97751873438801	0.9660403670516478
0.9783513738551207	0.9783513738551207	0.9673190698002226
0.9791840133222315	0.9791840133222315	0.9675119118149875
0.9800166527893422	0.9800166527893422	0.9704141286152345
0.980849292256453	0.980849292256453	0.9707592499719797
0.9816819317235637	0.9816819317235637	0.9768030306259138
0.9825145711906744	0.9825145711906744	0.9790913508727561
0.9833472106577852	0.9833472106577852	0.9807602083475357
0.984179850124896	0.984179850124896	0.9816960860432966
0.9850124895920067	0.9850124895920067	0.9820283324660243
0.9858451290591174	0.9858451290591174	0.9825197521181921
0.9866777685262281	0.9866777685262281	0.9832393439581298
0.9875104079933389	0.9875104079933389	0.983517097066135
0.9883430474604497	0.9883430474604497	0.985062580575275
0.9891756869275604	0.9891756869275604	0.9856195233899593
0.9900083263946711	0.9900083263946711	0.9856910274419237
0.9908409658617818	0.9908409658617818	0.9860324802531865
0.9916736053288926	0.9916736053288926	0.9869696385821367
0.9925062447960034	0.9925062447960034	0.9881597409425705
0.9933388842631141	0.9933388842631141	0.9905488636318674
0.9941715237302248	0.9941715237302248	0.9908854969149595
0.9950041631973355	0.9950041631973355	0.9933785847736818
0.9958368026644463	0.9958368026644463	0.9935179086343022
0.9966694421315571	0.9966694421315571	0.9954998490340343
0.9975020815986678	0.9975020815986678	0.9957836519942752
0.9983347210657785	0.9983347210657785	0.9984377068351654
0.9991673605328892	0.9991673605328892	0.9985088415161303
Data type = PROTEIN
Expected	Expected	Observed
0.0	0.0	0.0011841794047548042
0.14285714285714285	0.14285714285714285	0.008109783640198265
0.2857142857142857	0.2857142857142857	0.06805211946321471
0.42857142857142855	0.42857142857142855	0.22296703757881933
0.5714285714285714	0.5714285714285714	0.24547962655825362
0.7142857142857143	0.7142857142857143	0.6030988800367239
0.8571428571428571	0.8571428571428571	0.6643751597603884