Pool proteomics = false

Data type = PHOSPHOPROTEIN
Expected	Expected	Observed
0.0	0.0	3.5005849803259115E-5
0.001256281407035176	0.001256281407035176	2.5687782052569294E-4
0.002512562814070352	0.002512562814070352	3.64596256291265E-4
0.0037688442211055275	0.0037688442211055275	0.0013299913033724918
0.005025125628140704	0.005025125628140704	0.0013414841368657958
0.00628140703517588	0.00628140703517588	0.001380027799173643
0.007537688442211055	0.007537688442211055	0.0015901965329570159
0.008793969849246231	0.008793969849246231	0.0023541886473717397
0.010050251256281407	0.010050251256281407	0.003113379714043938
0.011306532663316583	0.011306532663316583	0.003234578382375689
0.01256281407035176	0.01256281407035176	0.0033218644449232327
0.013819095477386936	0.013819095477386936	0.0033402673005169118
0.01507537688442211	0.01507537688442211	0.003362944777060347
0.016331658291457288	0.016331658291457288	0.003460350709052932
0.017587939698492462	0.017587939698492462	0.0034721878748643444
0.018844221105527637	0.018844221105527637	0.003522513549001765
0.020100502512562814	0.020100502512562814	0.004057791235058672
0.02135678391959799	0.02135678391959799	0.0042322918717484165
0.022613065326633167	0.022613065326633167	0.004349204171547679
0.02386934673366834	0.02386934673366834	0.004764487383564889
0.02512562814070352	0.02512562814070352	0.005134871405992891
0.026381909547738693	0.026381909547738693	0.005484642067104892
0.02763819095477387	0.02763819095477387	0.005547952829091012
0.028894472361809045	0.028894472361809045	0.0057602282296057745
0.03015075376884422	0.03015075376884422	0.005847452647498265
0.031407035175879394	0.031407035175879394	0.006143186170272766
0.032663316582914576	0.032663316582914576	0.00667028535633467
0.03391959798994975	0.03391959798994975	0.0074741550994567255
0.035175879396984924	0.035175879396984924	0.007774653062673861
0.0364321608040201	0.0364321608040201	0.008077298532213641
0.03768844221105527	0.03768844221105527	0.008426611920856582
0.038944723618090454	0.038944723618090454	0.00869644120517206
0.04020100502512563	0.04020100502512563	0.008729416958948912
0.0414572864321608	0.0414572864321608	0.008901281286869425
0.04271356783919598	0.04271356783919598	0.008921668031604692
0.04396984924623116	0.04396984924623116	0.00904145294080856
0.04522613065326633	0.04522613065326633	0.00911228754337364
0.04648241206030151	0.04648241206030151	0.00914924208537252
0.04773869346733668	0.04773869346733668	0.009805459245288084
0.048994974874371856	0.048994974874371856	0.010159179644702226
0.05025125628140704	0.05025125628140704	0.011222174040763394
0.05150753768844221	0.05150753768844221	0.011361484731049623
0.052763819095477386	0.052763819095477386	0.011443634091987696
0.05402010050251256	0.05402010050251256	0.011585960879292005
0.05527638190954774	0.05527638190954774	0.011724211136956464
0.056532663316582916	0.056532663316582916	0.01205890041343593
0.05778894472361809	0.05778894472361809	0.012305906139103623
0.059045226130653265	0.059045226130653265	0.012847014862205602
0.06030150753768844	0.06030150753768844	0.014259401808912033
0.06155778894472362	0.06155778894472362	0.0142855101596076
0.06281407035175879	0.06281407035175879	0.014405837471345053
0.06407035175879397	0.06407035175879397	0.015043230480075992
0.06532663316582915	0.06532663316582915	0.016663814000861057
0.06658291457286432	0.06658291457286432	0.01738637604942801
0.0678391959798995	0.0678391959798995	0.01851418711112131
0.06909547738693467	0.06909547738693467	0.022429965844778625
0.07035175879396985	0.07035175879396985	0.02425401467620202
0.07160804020100503	0.07160804020100503	0.025064745900752496
0.0728643216080402	0.0728643216080402	0.025623899704228025
0.07412060301507538	0.07412060301507538	0.028200232193198276
0.07537688442211055	0.07537688442211055	0.029559213130241555
0.07663316582914573	0.07663316582914573	0.030397601146632317
0.07788944723618091	0.07788944723618091	0.03211613687274508
0.07914572864321608	0.07914572864321608	0.03252477383560883
0.08040201005025126	0.08040201005025126	0.03275191702121085
0.08165829145728644	0.08165829145728644	0.033565922341872244
0.0829145728643216	0.0829145728643216	0.03440674730822288
0.08417085427135679	0.08417085427135679	0.03538888952400387
0.08542713567839195	0.08542713567839195	0.03679160459490194
0.08668341708542714	0.08668341708542714	0.03761646891702376
0.08793969849246232	0.08793969849246232	0.0376939330490012
0.08919597989949749	0.08919597989949749	0.03771761911942686
0.09045226130653267	0.09045226130653267	0.037741489403046745
0.09170854271356783	0.09170854271356783	0.0377795019742103
0.09296482412060302	0.09296482412060302	0.037844108291992605
0.0942211055276382	0.0942211055276382	0.03829245525671721
0.09547738693467336	0.09547738693467336	0.03831276261396724
0.09673366834170855	0.09673366834170855	0.03861525415986047
0.09798994974874371	0.09798994974874371	0.03905711536788536
0.0992462311557789	0.0992462311557789	0.03929481391097834
0.10050251256281408	0.10050251256281408	0.03961676633485794
0.10175879396984924	0.10175879396984924	0.04082886456444739
0.10301507537688442	0.10301507537688442	0.04356330529813054
0.10427135678391959	0.10427135678391959	0.04363171793712995
0.10552763819095477	0.10552763819095477	0.04375371653688769
0.10678391959798995	0.10678391959798995	0.04438151120866159
0.10804020100502512	0.10804020100502512	0.04445982185841676
0.1092964824120603	0.1092964824120603	0.04456492908908863
0.11055276381909548	0.11055276381909548	0.04483223096407982
0.11180904522613065	0.11180904522613065	0.04501459514724349
0.11306532663316583	0.11306532663316583	0.0463715867447617
0.114321608040201	0.114321608040201	0.04640812611481192
0.11557788944723618	0.11557788944723618	0.04662040343740245
0.11683417085427136	0.11683417085427136	0.04734728367656033
0.11809045226130653	0.11809045226130653	0.05099330473653057
0.11934673366834171	0.11934673366834171	0.05155369950781761
0.12060301507537688	0.12060301507537688	0.05433791010591258
0.12185929648241206	0.12185929648241206	0.055532226854069264
0.12311557788944724	0.12311557788944724	0.05571406157084039
0.12437185929648241	0.12437185929648241	0.05700120636237891
0.12562814070351758	0.12562814070351758	0.05767491621445994
0.12688442211055276	0.12688442211055276	0.0579349032132773
0.12814070351758794	0.12814070351758794	0.059190769443761615
0.12939698492462312	0.12939698492462312	0.0597419062502665
0.1306532663316583	0.1306532663316583	0.05984264499282247
0.13190954773869346	0.13190954773869346	0.06124144230733398
0.13316582914572864	0.13316582914572864	0.06197792226172169
0.13442211055276382	0.13442211055276382	0.06363644394784561
0.135678391959799	0.135678391959799	0.06375996531457971
0.13693467336683418	0.13693467336683418	0.06417998867365535
0.13819095477386933	0.13819095477386933	0.06485904935290979
0.13944723618090452	0.13944723618090452	0.06687153053187868
0.1407035175879397	0.1407035175879397	0.06806762795348772
0.14195979899497488	0.14195979899497488	0.06812431352250747
0.14321608040201006	0.14321608040201006	0.06835183059450381
0.1444723618090452	0.1444723618090452	0.06875121764799208
0.1457286432160804	0.1457286432160804	0.06972289269861022
0.14698492462311558	0.14698492462311558	0.0700909603861
0.14824120603015076	0.14824120603015076	0.0708312243781682
0.14949748743718594	0.14949748743718594	0.07301751727197664
0.1507537688442211	0.1507537688442211	0.07357694709421947
0.15201005025125627	0.15201005025125627	0.07369682671082826
0.15326633165829145	0.15326633165829145	0.07500389722625307
0.15452261306532664	0.15452261306532664	0.07620946801579026
0.15577889447236182	0.15577889447236182	0.07621806254904163
0.157035175879397	0.157035175879397	0.07675944567375116
0.15829145728643215	0.15829145728643215	0.07733416861325666
0.15954773869346733	0.15954773869346733	0.07793263680935467
0.16080402010050251	0.16080402010050251	0.0813440782263659
0.1620603015075377	0.1620603015075377	0.08179134686705913
0.16331658291457288	0.16331658291457288	0.08206899894370077
0.16457286432160803	0.16457286432160803	0.08227249898149216
0.1658291457286432	0.1658291457286432	0.08285475254325407
0.1670854271356784	0.1670854271356784	0.08406442313658602
0.16834170854271358	0.16834170854271358	0.08466850869486788
0.16959798994974876	0.16959798994974876	0.08598573549944538
0.1708542713567839	0.1708542713567839	0.08722258293812547
0.1721105527638191	0.1721105527638191	0.09078836449919803
0.17336683417085427	0.17336683417085427	0.09083365859563708
0.17462311557788945	0.17462311557788945	0.09431036218681538
0.17587939698492464	0.17587939698492464	0.09512124745193247
0.1771356783919598	0.1771356783919598	0.09528918507418914
0.17839195979899497	0.17839195979899497	0.09655418971909643
0.17964824120603015	0.17964824120603015	0.09712637154297311
0.18090452261306533	0.18090452261306533	0.09904339048374701
0.18216080402010051	0.18216080402010051	0.09932466897774431
0.18341708542713567	0.18341708542713567	0.09976064257491715
0.18467336683417085	0.18467336683417085	0.10187154639564074
0.18592964824120603	0.18592964824120603	0.10204891820397875
0.1871859296482412	0.1871859296482412	0.10297282706391375
0.1884422110552764	0.1884422110552764	0.10367306738175619
0.18969849246231155	0.18969849246231155	0.10434633709397008
0.19095477386934673	0.19095477386934673	0.10556188507050632
0.1922110552763819	0.1922110552763819	0.10653486656987822
0.1934673366834171	0.1934673366834171	0.10660733520768294
0.19472361809045227	0.19472361809045227	0.1085638280944919
0.19597989949748743	0.19597989949748743	0.11000844808198924
0.1972361809045226	0.1972361809045226	0.11022203098205849
0.1984924623115578	0.1984924623115578	0.11041964818177058
0.19974874371859297	0.19974874371859297	0.11042921827452624
0.20100502512562815	0.20100502512562815	0.11138058256448431
0.2022613065326633	0.2022613065326633	0.11273057728660493
0.20351758793969849	0.20351758793969849	0.11307320011269262
0.20477386934673367	0.20477386934673367	0.11379381957713275
0.20603015075376885	0.20603015075376885	0.1153758228886497
0.20728643216080403	0.20728643216080403	0.11936598857509406
0.20854271356783918	0.20854271356783918	0.11937373740645171
0.20979899497487436	0.20979899497487436	0.1214262408768048
0.21105527638190955	0.21105527638190955	0.12735657710073545
0.21231155778894473	0.21231155778894473	0.12949477119755315
0.2135678391959799	0.2135678391959799	0.12957044319901567
0.21482412060301506	0.21482412060301506	0.13042494316784833
0.21608040201005024	0.21608040201005024	0.1339365096316967
0.21733668341708542	0.21733668341708542	0.13449883387029615
0.2185929648241206	0.2185929648241206	0.13474045990038208
0.2198492462311558	0.2198492462311558	0.13483002811386025
0.22110552763819097	0.22110552763819097	0.13517300343823596
0.22236180904522612	0.22236180904522612	0.13687478300689337
0.2236180904522613	0.2236180904522613	0.1386994984159755
0.22487437185929648	0.22487437185929648	0.1396767235725923
0.22613065326633167	0.22613065326633167	0.1402569718499148
0.22738693467336685	0.22738693467336685	0.1403984197533428
0.228643216080402	0.228643216080402	0.14089501030981455
0.22989949748743718	0.22989949748743718	0.140974166937058
0.23115577889447236	0.23115577889447236	0.14206788488978572
0.23241206030150754	0.23241206030150754	0.14276090232819716
0.23366834170854273	0.23366834170854273	0.14367472716038948
0.23492462311557788	0.23492462311557788	0.14377860721569313
0.23618090452261306	0.23618090452261306	0.14379817559715724
0.23743718592964824	0.23743718592964824	0.14385802911053558
0.23869346733668342	0.23869346733668342	0.14552576489466296
0.2399497487437186	0.2399497487437186	0.1456495140346319
0.24120603015075376	0.24120603015075376	0.14763365345428558
0.24246231155778894	0.24246231155778894	0.14764810242006776
0.24371859296482412	0.24371859296482412	0.14773108721940986
0.2449748743718593	0.2449748743718593	0.14776022453174764
0.24623115577889448	0.24623115577889448	0.1478897245668479
0.24748743718592964	0.24748743718592964	0.14946575470390477
0.24874371859296482	0.24874371859296482	0.1499724196297626
0.25	0.25	0.1509963300049817
0.25125628140703515	0.25125628140703515	0.15537428049316437
0.25251256281407036	0.25251256281407036	0.15564744485894022
0.2537688442211055	0.2537688442211055	0.15710714117936275
0.2550251256281407	0.2550251256281407	0.15959801344297098
0.2562814070351759	0.2562814070351759	0.15991790348121393
0.25753768844221103	0.25753768844221103	0.1621190835177706
0.25879396984924624	0.25879396984924624	0.16287002293370356
0.2600502512562814	0.2600502512562814	0.1629684296839612
0.2613065326633166	0.2613065326633166	0.16375246199711635
0.26256281407035176	0.26256281407035176	0.16475277572849145
0.2638190954773869	0.2638190954773869	0.1659034446609554
0.2650753768844221	0.2650753768844221	0.16683748376369578
0.2663316582914573	0.2663316582914573	0.16829042889969303
0.2675879396984925	0.2675879396984925	0.1689345928669146
0.26884422110552764	0.26884422110552764	0.16894920381774414
0.2701005025125628	0.2701005025125628	0.16989140874210318
0.271356783919598	0.271356783919598	0.1705339978799244
0.27261306532663315	0.27261306532663315	0.1716890227570811
0.27386934673366836	0.27386934673366836	0.17236757063533048
0.2751256281407035	0.2751256281407035	0.17259710181542143
0.27638190954773867	0.27638190954773867	0.17377121330119139
0.2776381909547739	0.2776381909547739	0.1742373346362992
0.27889447236180903	0.27889447236180903	0.17479695654201266
0.28015075376884424	0.28015075376884424	0.17529547094968667
0.2814070351758794	0.2814070351758794	0.1799269653392892
0.28266331658291455	0.28266331658291455	0.18319308470555862
0.28391959798994976	0.28391959798994976	0.18474798122220648
0.2851758793969849	0.2851758793969849	0.1847894471391177
0.2864321608040201	0.2864321608040201	0.1848325266641181
0.2876884422110553	0.2876884422110553	0.18629103464641927
0.2889447236180904	0.2889447236180904	0.1863565167731679
0.29020100502512564	0.29020100502512564	0.18746746745582443
0.2914572864321608	0.2914572864321608	0.1875913563092505
0.292713567839196	0.292713567839196	0.19200439570802186
0.29396984924623115	0.29396984924623115	0.1936497722367052
0.2952261306532663	0.2952261306532663	0.1946834607943333
0.2964824120603015	0.2964824120603015	0.19532873782834914
0.29773869346733667	0.29773869346733667	0.19683500721857528
0.2989949748743719	0.2989949748743719	0.19739196687250082
0.30025125628140703	0.30025125628140703	0.19934949239239774
0.3015075376884422	0.3015075376884422	0.20136099476193126
0.3027638190954774	0.3027638190954774	0.20415839595216023
0.30402010050251255	0.30402010050251255	0.20686535963427266
0.30527638190954776	0.30527638190954776	0.20745058644850178
0.3065326633165829	0.3065326633165829	0.20757060872769006
0.30778894472361806	0.30778894472361806	0.20930060764002
0.30904522613065327	0.30904522613065327	0.21153004805273834
0.3103015075376884	0.3103015075376884	0.21195566437677105
0.31155778894472363	0.31155778894472363	0.21389550637567634
0.3128140703517588	0.3128140703517588	0.22018290744979263
0.314070351758794	0.314070351758794	0.22120486108741
0.31532663316582915	0.31532663316582915	0.2222946760838307
0.3165829145728643	0.3165829145728643	0.2235261063468601
0.3178391959798995	0.3178391959798995	0.22483468680764362
0.31909547738693467	0.31909547738693467	0.2257101045172335
0.3203517587939699	0.3203517587939699	0.22806727525660808
0.32160804020100503	0.32160804020100503	0.22944909258658486
0.3228643216080402	0.3228643216080402	0.23162948069487277
0.3241206030150754	0.3241206030150754	0.23465045482248692
0.32537688442211055	0.32537688442211055	0.23496349936593486
0.32663316582914576	0.32663316582914576	0.23629508342021188
0.3278894472361809	0.3278894472361809	0.2377286858704819
0.32914572864321606	0.32914572864321606	0.2389114948608383
0.33040201005025127	0.33040201005025127	0.24211271040119264
0.3316582914572864	0.3316582914572864	0.24314060438473273
0.33291457286432163	0.33291457286432163	0.25016656199231435
0.3341708542713568	0.3341708542713568	0.25090217058359043
0.33542713567839194	0.33542713567839194	0.2512115051138909
0.33668341708542715	0.33668341708542715	0.25295399327013435
0.3379396984924623	0.3379396984924623	0.2544992110014631
0.3391959798994975	0.3391959798994975	0.25460373193294283
0.34045226130653267	0.34045226130653267	0.2560343953499915
0.3417085427135678	0.3417085427135678	0.25770956265100353
0.34296482412060303	0.34296482412060303	0.25787435884577736
0.3442211055276382	0.3442211055276382	0.25800744167424794
0.3454773869346734	0.3454773869346734	0.25908883640001734
0.34673366834170855	0.34673366834170855	0.2606857867918271
0.3479899497487437	0.3479899497487437	0.2621454753496445
0.3492462311557789	0.3492462311557789	0.2641754262489715
0.35050251256281406	0.35050251256281406	0.2645157455550662
0.35175879396984927	0.35175879396984927	0.26461979551159
0.3530150753768844	0.3530150753768844	0.26518211974742434
0.3542713567839196	0.3542713567839196	0.2657277045816342
0.3555276381909548	0.3555276381909548	0.2665936326960583
0.35678391959798994	0.35678391959798994	0.26856426085241225
0.35804020100502515	0.35804020100502515	0.27137122854265006
0.3592964824120603	0.3592964824120603	0.27211164083218486
0.36055276381909546	0.36055276381909546	0.27314232950632655
0.36180904522613067	0.36180904522613067	0.2737704050102465
0.3630653266331658	0.3630653266331658	0.2756647515856966
0.36432160804020103	0.36432160804020103	0.2759371871442554
0.3655778894472362	0.3655778894472362	0.27769775586187195
0.36683417085427134	0.36683417085427134	0.27804022461916333
0.36809045226130654	0.36809045226130654	0.2790389415294323
0.3693467336683417	0.3693467336683417	0.2884417898420605
0.3706030150753769	0.3706030150753769	0.29115475970278193
0.37185929648241206	0.37185929648241206	0.2915017529210896
0.3731155778894472	0.3731155778894472	0.29285100798692354
0.3743718592964824	0.3743718592964824	0.2929564953739785
0.3756281407035176	0.3756281407035176	0.2930731038014408
0.3768844221105528	0.3768844221105528	0.2932625444901519
0.37814070351758794	0.37814070351758794	0.29410618391630006
0.3793969849246231	0.3793969849246231	0.29736803451797433
0.3806532663316583	0.3806532663316583	0.29764630449311047
0.38190954773869346	0.38190954773869346	0.29878727475302447
0.38316582914572866	0.38316582914572866	0.30103823711812605
0.3844221105527638	0.3844221105527638	0.3030835585240679
0.38567839195979897	0.38567839195979897	0.3041032637327469
0.3869346733668342	0.3869346733668342	0.30413077057414295
0.38819095477386933	0.38819095477386933	0.3045778686910394
0.38944723618090454	0.38944723618090454	0.3099622650652696
0.3907035175879397	0.3907035175879397	0.31182942163094174
0.39195979899497485	0.39195979899497485	0.31284506163339754
0.39321608040201006	0.39321608040201006	0.3142097763370597
0.3944723618090452	0.3944723618090452	0.31506766436799916
0.3957286432160804	0.3957286432160804	0.31573840897532246
0.3969849246231156	0.3969849246231156	0.31643455591868164
0.39824120603015073	0.39824120603015073	0.3168995297371723
0.39949748743718594	0.39949748743718594	0.3211166034201799
0.4007537688442211	0.4007537688442211	0.3212696019825235
0.4020100502512563	0.4020100502512563	0.32244467197932947
0.40326633165829145	0.40326633165829145	0.32320522021826137
0.4045226130653266	0.4045226130653266	0.3233569104939047
0.4057788944723618	0.4057788944723618	0.3253698814710694
0.40703517587939697	0.40703517587939697	0.3264166797075919
0.4082914572864322	0.4082914572864322	0.3341667170012308
0.40954773869346733	0.40954773869346733	0.33597856820873073
0.4108040201005025	0.4108040201005025	0.33637664696903224
0.4120603015075377	0.4120603015075377	0.33686298434792006
0.41331658291457285	0.41331658291457285	0.33893915847529565
0.41457286432160806	0.41457286432160806	0.33989210478739895
0.4158291457286432	0.4158291457286432	0.3414573209124918
0.41708542713567837	0.41708542713567837	0.3416107159818612
0.4183417085427136	0.4183417085427136	0.3422232974756566
0.41959798994974873	0.41959798994974873	0.3429643876250743
0.42085427135678394	0.42085427135678394	0.3435980650413414
0.4221105527638191	0.4221105527638191	0.34413527980659353
0.42336683417085424	0.42336683417085424	0.3501173966883787
0.42462311557788945	0.42462311557788945	0.3526743355987014
0.4258793969849246	0.4258793969849246	0.3537090459966773
0.4271356783919598	0.4271356783919598	0.35442427654003794
0.42839195979899497	0.42839195979899497	0.3558196422116515
0.4296482412060301	0.4296482412060301	0.3571897613014642
0.43090452261306533	0.43090452261306533	0.35855488169161953
0.4321608040201005	0.4321608040201005	0.35966841740041144
0.4334170854271357	0.4334170854271357	0.3603425700940326
0.43467336683417085	0.43467336683417085	0.360709446604348
0.435929648241206	0.435929648241206	0.36181294906879424
0.4371859296482412	0.4371859296482412	0.3619306995100038
0.43844221105527637	0.43844221105527637	0.3628075300536454
0.4396984924623116	0.4396984924623116	0.36299286442473044
0.44095477386934673	0.44095477386934673	0.3634769271017013
0.44221105527638194	0.44221105527638194	0.363608179586405
0.4434673366834171	0.4434673366834171	0.36382452473706683
0.44472361809045224	0.44472361809045224	0.36594762295127226
0.44597989949748745	0.44597989949748745	0.3663039477402861
0.4472361809045226	0.4472361809045226	0.3679822519525001
0.4484924623115578	0.4484924623115578	0.3706128132112553
0.44974874371859297	0.44974874371859297	0.37085351938156774
0.4510050251256281	0.4510050251256281	0.3718489946118635
0.45226130653266333	0.45226130653266333	0.3721943864463868
0.4535175879396985	0.4535175879396985	0.3752544618428051
0.4547738693467337	0.4547738693467337	0.3755369633540403
0.45603015075376885	0.45603015075376885	0.37751307106907384
0.457286432160804	0.457286432160804	0.3798690035731369
0.4585427135678392	0.4585427135678392	0.38203163485752323
0.45979899497487436	0.45979899497487436	0.3840304205455557
0.4610552763819096	0.4610552763819096	0.3906858074087717
0.4623115577889447	0.4623115577889447	0.3914994426390872
0.4635678391959799	0.4635678391959799	0.39282694302077137
0.4648241206030151	0.4648241206030151	0.39604649049416274
0.46608040201005024	0.46608040201005024	0.3964883198850604
0.46733668341708545	0.46733668341708545	0.39717469306082076
0.4685929648241206	0.4685929648241206	0.3972816858670629
0.46984924623115576	0.46984924623115576	0.3976662737428963
0.47110552763819097	0.47110552763819097	0.40082912623665234
0.4723618090452261	0.4723618090452261	0.4043270600790112
0.47361809045226133	0.47361809045226133	0.40441637116977047
0.4748743718592965	0.4748743718592965	0.409373997924931
0.47613065326633164	0.47613065326633164	0.4134061987563282
0.47738693467336685	0.47738693467336685	0.41744549141065035
0.478643216080402	0.478643216080402	0.4193322666292423
0.4798994974874372	0.4798994974874372	0.4213564114496561
0.48115577889447236	0.48115577889447236	0.42154162585371213
0.4824120603015075	0.4824120603015075	0.4217162916025582
0.4836683417085427	0.4836683417085427	0.4240109065257137
0.4849246231155779	0.4849246231155779	0.4270315685758612
0.4861809045226131	0.4861809045226131	0.42760788394114035
0.48743718592964824	0.48743718592964824	0.4278042761726709
0.4886934673366834	0.4886934673366834	0.4298713879513856
0.4899497487437186	0.4899497487437186	0.43011674440314696
0.49120603015075376	0.49120603015075376	0.43135658897168816
0.49246231155778897	0.49246231155778897	0.43187777186337273
0.4937185929648241	0.4937185929648241	0.43208419187919767
0.4949748743718593	0.4949748743718593	0.43247693503287543
0.4962311557788945	0.4962311557788945	0.43638259857272066
0.49748743718592964	0.49748743718592964	0.43650943787237517
0.49874371859296485	0.49874371859296485	0.4378097233413931
0.5	0.5	0.43855003131823456
0.5012562814070352	0.5012562814070352	0.4387459130278454
0.5025125628140703	0.5025125628140703	0.44236731481870706
0.5037688442211056	0.5037688442211056	0.4442670544172337
0.5050251256281407	0.5050251256281407	0.4450849051666742
0.5062814070351759	0.5062814070351759	0.4464706936276085
0.507537688442211	0.507537688442211	0.45102644736616515
0.5087939698492462	0.5087939698492462	0.45127885532793266
0.5100502512562815	0.5100502512562815	0.4524486407626097
0.5113065326633166	0.5113065326633166	0.4528186496912505
0.5125628140703518	0.5125628140703518	0.45473867811187896
0.5138190954773869	0.5138190954773869	0.4548460363368595
0.5150753768844221	0.5150753768844221	0.45508948365541313
0.5163316582914573	0.5163316582914573	0.45570318282157884
0.5175879396984925	0.5175879396984925	0.45733061198932246
0.5188442211055276	0.5188442211055276	0.4586850083977233
0.5201005025125628	0.5201005025125628	0.45896281526872174
0.5213567839195979	0.5213567839195979	0.4597816283165179
0.5226130653266332	0.5226130653266332	0.45980098624224863
0.5238693467336684	0.5238693467336684	0.46768583888193405
0.5251256281407035	0.5251256281407035	0.4688560976208528
0.5263819095477387	0.5263819095477387	0.46901069022172137
0.5276381909547738	0.5276381909547738	0.46909491922846447
0.5288944723618091	0.5288944723618091	0.4692107534821056
0.5301507537688442	0.5301507537688442	0.4700926918920365
0.5314070351758794	0.5314070351758794	0.4730827758671692
0.5326633165829145	0.5326633165829145	0.4739058152453156
0.5339195979899497	0.5339195979899497	0.4788799815041367
0.535175879396985	0.535175879396985	0.47998597454629854
0.5364321608040201	0.5364321608040201	0.4809649605649978
0.5376884422110553	0.5376884422110553	0.4821039329310425
0.5389447236180904	0.5389447236180904	0.48231737688188747
0.5402010050251256	0.5402010050251256	0.482364280140517
0.5414572864321608	0.5414572864321608	0.4824404110085905
0.542713567839196	0.542713567839196	0.4826952044867806
0.5439698492462312	0.5439698492462312	0.4832048276374338
0.5452261306532663	0.5452261306532663	0.4852096293573984
0.5464824120603015	0.5464824120603015	0.48541943231711504
0.5477386934673367	0.5477386934673367	0.4861948646981228
0.5489949748743719	0.5489949748743719	0.48812530034267165
0.550251256281407	0.550251256281407	0.4884778517512586
0.5515075376884422	0.5515075376884422	0.49204771733217934
0.5527638190954773	0.5527638190954773	0.49484330950518995
0.5540201005025126	0.5540201005025126	0.49487440339307776
0.5552763819095478	0.5552763819095478	0.49759088338144086
0.5565326633165829	0.5565326633165829	0.49772660205300756
0.5577889447236181	0.5577889447236181	0.499995451068318
0.5590452261306532	0.5590452261306532	0.5000922272882368
0.5603015075376885	0.5603015075376885	0.5004846953463289
0.5615577889447236	0.5615577889447236	0.5006663016239046
0.5628140703517588	0.5628140703517588	0.500937808735987
0.5640703517587939	0.5640703517587939	0.5021311073979393
0.5653266331658291	0.5653266331658291	0.5027712668868051
0.5665829145728644	0.5665829145728644	0.5040203111248847
0.5678391959798995	0.5678391959798995	0.5046771109951225
0.5690954773869347	0.5690954773869347	0.5139662839747877
0.5703517587939698	0.5703517587939698	0.5158848134071643
0.571608040201005	0.571608040201005	0.5163973925404635
0.5728643216080402	0.5728643216080402	0.5178020267637391
0.5741206030150754	0.5741206030150754	0.5182503221736618
0.5753768844221105	0.5753768844221105	0.5188734973585525
0.5766331658291457	0.5766331658291457	0.5195323817966042
0.5778894472361809	0.5778894472361809	0.5205106033896099
0.5791457286432161	0.5791457286432161	0.5215529437869095
0.5804020100502513	0.5804020100502513	0.5218517633930562
0.5816582914572864	0.5816582914572864	0.5219435275530716
0.5829145728643216	0.5829145728643216	0.5235460062336722
0.5841708542713567	0.5841708542713567	0.5239427028544569
0.585427135678392	0.585427135678392	0.5245730428232792
0.5866834170854272	0.5866834170854272	0.5248336280895508
0.5879396984924623	0.5879396984924623	0.5253530923849723
0.5891959798994975	0.5891959798994975	0.5291476573333039
0.5904522613065326	0.5904522613065326	0.5306181558635807
0.5917085427135679	0.5917085427135679	0.5338098148661083
0.592964824120603	0.592964824120603	0.5366095227105754
0.5942211055276382	0.5942211055276382	0.5399282590973691
0.5954773869346733	0.5954773869346733	0.5417229756133441
0.5967336683417085	0.5967336683417085	0.541805006093657
0.5979899497487438	0.5979899497487438	0.5439079756180326
0.5992462311557789	0.5992462311557789	0.544165476115045
0.6005025125628141	0.6005025125628141	0.545948274351293
0.6017587939698492	0.6017587939698492	0.5483110493548833
0.6030150753768844	0.6030150753768844	0.5484837663205598
0.6042713567839196	0.6042713567839196	0.5526770634479241
0.6055276381909548	0.6055276381909548	0.5528540969774718
0.6067839195979899	0.6067839195979899	0.5535259269690164
0.6080402010050251	0.6080402010050251	0.5538294757990092
0.6092964824120602	0.6092964824120602	0.5556860560816712
0.6105527638190955	0.6105527638190955	0.5558755635347281
0.6118090452261307	0.6118090452261307	0.5563430790414305
0.6130653266331658	0.6130653266331658	0.5582158550432849
0.614321608040201	0.614321608040201	0.5582373409112534
0.6155778894472361	0.6155778894472361	0.5588708038252006
0.6168341708542714	0.6168341708542714	0.5589455885210781
0.6180904522613065	0.6180904522613065	0.5630591406078029
0.6193467336683417	0.6193467336683417	0.5635223894786788
0.6206030150753769	0.6206030150753769	0.5637209023553134
0.621859296482412	0.621859296482412	0.5643007831374813
0.6231155778894473	0.6231155778894473	0.5649855283061649
0.6243718592964824	0.6243718592964824	0.5653841349320697
0.6256281407035176	0.6256281407035176	0.5664165314319769
0.6268844221105527	0.6268844221105527	0.5670687914091743
0.628140703517588	0.628140703517588	0.5675550920134123
0.6293969849246231	0.6293969849246231	0.5678617896584439
0.6306532663316583	0.6306532663316583	0.5706829744953124
0.6319095477386935	0.6319095477386935	0.5713052973272943
0.6331658291457286	0.6331658291457286	0.5750071141308292
0.6344221105527639	0.6344221105527639	0.5757535651249253
0.635678391959799	0.635678391959799	0.5766605287849003
0.6369346733668342	0.6369346733668342	0.5774538231429279
0.6381909547738693	0.6381909547738693	0.5774846100071191
0.6394472361809045	0.6394472361809045	0.5804538083519788
0.6407035175879398	0.6407035175879398	0.5805432866203053
0.6419597989949749	0.6419597989949749	0.5827127117155486
0.6432160804020101	0.6432160804020101	0.5829715254062522
0.6444723618090452	0.6444723618090452	0.5830034734117715
0.6457286432160804	0.6457286432160804	0.5837893349540573
0.6469849246231156	0.6469849246231156	0.5838947957971876
0.6482412060301508	0.6482412060301508	0.5852387186575596
0.6494974874371859	0.6494974874371859	0.5869964691374967
0.6507537688442211	0.6507537688442211	0.5886065522690063
0.6520100502512562	0.6520100502512562	0.5904307269712437
0.6532663316582915	0.6532663316582915	0.5914645672029839
0.6545226130653267	0.6545226130653267	0.5915616753462303
0.6557788944723618	0.6557788944723618	0.5976429250628986
0.657035175879397	0.657035175879397	0.5997996942519662
0.6582914572864321	0.6582914572864321	0.6031867953337602
0.6595477386934674	0.6595477386934674	0.6037489843606115
0.6608040201005025	0.6608040201005025	0.6041012298246501
0.6620603015075377	0.6620603015075377	0.6050399857300763
0.6633165829145728	0.6633165829145728	0.6058224168700345
0.664572864321608	0.664572864321608	0.6081999856433336
0.6658291457286433	0.6658291457286433	0.609327138164519
0.6670854271356784	0.6670854271356784	0.6098977147861866
0.6683417085427136	0.6683417085427136	0.6099283763184413
0.6695979899497487	0.6695979899497487	0.6103607447283123
0.6708542713567839	0.6708542713567839	0.6140154584756253
0.6721105527638191	0.6721105527638191	0.6143329727709195
0.6733668341708543	0.6733668341708543	0.6166676344472042
0.6746231155778895	0.6746231155778895	0.6167391242638935
0.6758793969849246	0.6758793969849246	0.6167919312305354
0.6771356783919598	0.6771356783919598	0.6168071662727939
0.678391959798995	0.678391959798995	0.6175734506988
0.6796482412060302	0.6796482412060302	0.6203328968546102
0.6809045226130653	0.6809045226130653	0.621100518651033
0.6821608040201005	0.6821608040201005	0.623969090213365
0.6834170854271356	0.6834170854271356	0.6248384370665858
0.6846733668341709	0.6846733668341709	0.6282421690842419
0.6859296482412061	0.6859296482412061	0.6284412982033879
0.6871859296482412	0.6871859296482412	0.6302422627012915
0.6884422110552764	0.6884422110552764	0.6334649734392367
0.6896984924623115	0.6896984924623115	0.6336438910032907
0.6909547738693468	0.6909547738693468	0.6339335436175331
0.6922110552763819	0.6922110552763819	0.6362825995882145
0.6934673366834171	0.6934673366834171	0.6375072844368248
0.6947236180904522	0.6947236180904522	0.638545725251342
0.6959798994974874	0.6959798994974874	0.6388024709882247
0.6972361809045227	0.6972361809045227	0.6398725629354536
0.6984924623115578	0.6984924623115578	0.6411856509401073
0.699748743718593	0.699748743718593	0.6449052198842549
0.7010050251256281	0.7010050251256281	0.6451267842608426
0.7022613065326633	0.7022613065326633	0.649724846862292
0.7035175879396985	0.7035175879396985	0.6551468104589714
0.7047738693467337	0.7047738693467337	0.6556257241378989
0.7060301507537688	0.7060301507537688	0.6568690128992314
0.707286432160804	0.707286432160804	0.6652432564429661
0.7085427135678392	0.7085427135678392	0.6676588833565973
0.7097989949748744	0.7097989949748744	0.6677377508715783
0.7110552763819096	0.7110552763819096	0.6697289565698598
0.7123115577889447	0.7123115577889447	0.6703522006765754
0.7135678391959799	0.7135678391959799	0.6704475327187989
0.714824120603015	0.714824120603015	0.6707907650228668
0.7160804020100503	0.7160804020100503	0.6729453926880413
0.7173366834170855	0.7173366834170855	0.6734899241860746
0.7185929648241206	0.7185929648241206	0.6737916896207832
0.7198492462311558	0.7198492462311558	0.6772378941992696
0.7211055276381909	0.7211055276381909	0.6778989385513539
0.7223618090452262	0.7223618090452262	0.6785558905322477
0.7236180904522613	0.7236180904522613	0.6792174602039734
0.7248743718592965	0.7248743718592965	0.6801852628100191
0.7261306532663316	0.7261306532663316	0.6845205858100142
0.7273869346733668	0.7273869346733668	0.68625060535773
0.7286432160804021	0.7286432160804021	0.6868379674803404
0.7298994974874372	0.7298994974874372	0.687723085613263
0.7311557788944724	0.7311557788944724	0.6910081373517458
0.7324120603015075	0.7324120603015075	0.6931266085981651
0.7336683417085427	0.7336683417085427	0.6935119004545477
0.7349246231155779	0.7349246231155779	0.6937826894801653
0.7361809045226131	0.7361809045226131	0.6966002830255282
0.7374371859296482	0.7374371859296482	0.698853107803916
0.7386934673366834	0.7386934673366834	0.702578309338956
0.7399497487437185	0.7399497487437185	0.7031722951906889
0.7412060301507538	0.7412060301507538	0.7042506340176709
0.742462311557789	0.742462311557789	0.7058468843636017
0.7437185929648241	0.7437185929648241	0.7062048544322324
0.7449748743718593	0.7449748743718593	0.7080242915398558
0.7462311557788944	0.7462311557788944	0.7117493852524802
0.7474874371859297	0.7474874371859297	0.7122488646362493
0.7487437185929648	0.7487437185929648	0.7139328081948858
0.75	0.75	0.7172409374865591
0.7512562814070352	0.7512562814070352	0.7173270956520691
0.7525125628140703	0.7525125628140703	0.7173400952305122
0.7537688442211056	0.7537688442211056	0.7175448277946719
0.7550251256281407	0.7550251256281407	0.7181687825764621
0.7562814070351759	0.7562814070351759	0.7196945253452538
0.757537688442211	0.757537688442211	0.7234613844212161
0.7587939698492462	0.7587939698492462	0.7235410877232844
0.7600502512562815	0.7600502512562815	0.7238238896215903
0.7613065326633166	0.7613065326633166	0.7244644545678054
0.7625628140703518	0.7625628140703518	0.7253081856423416
0.7638190954773869	0.7638190954773869	0.7254733008973493
0.7650753768844221	0.7650753768844221	0.725827354639815
0.7663316582914573	0.7663316582914573	0.7285362112211589
0.7675879396984925	0.7675879396984925	0.7297782204352877
0.7688442211055276	0.7688442211055276	0.7305965226431077
0.7701005025125628	0.7701005025125628	0.73169022315692
0.7713567839195979	0.7713567839195979	0.7332859290439757
0.7726130653266332	0.7726130653266332	0.7342067451584754
0.7738693467336684	0.7738693467336684	0.7347643350136168
0.7751256281407035	0.7751256281407035	0.7376153866786279
0.7763819095477387	0.7763819095477387	0.7381924774896562
0.7776381909547738	0.7776381909547738	0.73850686644983
0.7788944723618091	0.7788944723618091	0.7399111820188832
0.7801507537688442	0.7801507537688442	0.7423244270587743
0.7814070351758794	0.7814070351758794	0.742562943116625
0.7826633165829145	0.7826633165829145	0.7435523129557509
0.7839195979899497	0.7839195979899497	0.7445854146607656
0.785175879396985	0.785175879396985	0.7447656023246412
0.7864321608040201	0.7864321608040201	0.7448686381439453
0.7876884422110553	0.7876884422110553	0.747615192331997
0.7889447236180904	0.7889447236180904	0.7486695495714941
0.7902010050251256	0.7902010050251256	0.7495579131935954
0.7914572864321608	0.7914572864321608	0.7506865095974287
0.792713567839196	0.792713567839196	0.752150797976284
0.7939698492462312	0.7939698492462312	0.7522004835474817
0.7952261306532663	0.7952261306532663	0.7527884359890213
0.7964824120603015	0.7964824120603015	0.7538901401631406
0.7977386934673367	0.7977386934673367	0.7540520749143748
0.7989949748743719	0.7989949748743719	0.758663710612873
0.800251256281407	0.800251256281407	0.7602379468280233
0.8015075376884422	0.8015075376884422	0.7629265825419235
0.8027638190954773	0.8027638190954773	0.7630457204180761
0.8040201005025126	0.8040201005025126	0.7641410773245296
0.8052763819095478	0.8052763819095478	0.7661347160441017
0.8065326633165829	0.8065326633165829	0.767462104437362
0.8077889447236181	0.8077889447236181	0.7676651375542982
0.8090452261306532	0.8090452261306532	0.7681504005375579
0.8103015075376885	0.8103015075376885	0.769317054728796
0.8115577889447236	0.8115577889447236	0.7728646927353771
0.8128140703517588	0.8128140703517588	0.7731311185528975
0.8140703517587939	0.8140703517587939	0.7744414166163285
0.8153266331658291	0.8153266331658291	0.7749783194858131
0.8165829145728644	0.8165829145728644	0.7773987121730103
0.8178391959798995	0.8178391959798995	0.7787915439083521
0.8190954773869347	0.8190954773869347	0.7794848098656613
0.8203517587939698	0.8203517587939698	0.7801320327101584
0.821608040201005	0.821608040201005	0.7807462534337255
0.8228643216080402	0.8228643216080402	0.7811266504476015
0.8241206030150754	0.8241206030150754	0.7832169978549923
0.8253768844221105	0.8253768844221105	0.7833410476751236
0.8266331658291457	0.8266331658291457	0.7839495896122681
0.8278894472361809	0.8278894472361809	0.7843177987288139
0.8291457286432161	0.8291457286432161	0.7870577709031831
0.8304020100502513	0.8304020100502513	0.7871916115524713
0.8316582914572864	0.8316582914572864	0.7894521726727952
0.8329145728643216	0.8329145728643216	0.7897289900808085
0.8341708542713567	0.8341708542713567	0.7907391460662685
0.835427135678392	0.835427135678392	0.7918398866727463
0.8366834170854272	0.8366834170854272	0.7969576319532378
0.8379396984924623	0.8379396984924623	0.7980848810970248
0.8391959798994975	0.8391959798994975	0.7982841260736893
0.8404522613065326	0.8404522613065326	0.7991311618824426
0.8417085427135679	0.8417085427135679	0.7993824424324932
0.842964824120603	0.842964824120603	0.8019236577352022
0.8442211055276382	0.8442211055276382	0.8027902854234193
0.8454773869346733	0.8454773869346733	0.8043437949930596
0.8467336683417085	0.8467336683417085	0.8066733085345137
0.8479899497487438	0.8479899497487438	0.8070935896314633
0.8492462311557789	0.8492462311557789	0.8071899476285502
0.8505025125628141	0.8505025125628141	0.8081164517963241
0.8517587939698492	0.8517587939698492	0.8083050782099156
0.8530150753768844	0.8530150753768844	0.8085148548186417
0.8542713567839196	0.8542713567839196	0.808895744081632
0.8555276381909548	0.8555276381909548	0.8115227600977472
0.8567839195979899	0.8567839195979899	0.8115719901645895
0.8580402010050251	0.8580402010050251	0.8186567848838923
0.8592964824120602	0.8592964824120602	0.8222808253173637
0.8605527638190955	0.8605527638190955	0.8235131389836117
0.8618090452261307	0.8618090452261307	0.8242839513426798
0.8630653266331658	0.8630653266331658	0.8289019941481721
0.864321608040201	0.864321608040201	0.8297385338768767
0.8655778894472361	0.8655778894472361	0.8306051752415455
0.8668341708542714	0.8668341708542714	0.8320036100983819
0.8680904522613065	0.8680904522613065	0.832410139811998
0.8693467336683417	0.8693467336683417	0.836328841941741
0.8706030150753769	0.8706030150753769	0.8363821533835152
0.871859296482412	0.871859296482412	0.8370063723967218
0.8731155778894473	0.8731155778894473	0.8375725952829284
0.8743718592964824	0.8743718592964824	0.840846244549237
0.8756281407035176	0.8756281407035176	0.8421352808963551
0.8768844221105527	0.8768844221105527	0.8426907254295649
0.878140703517588	0.878140703517588	0.8455272827721546
0.8793969849246231	0.8793969849246231	0.8457954800897869
0.8806532663316583	0.8806532663316583	0.8460650318523154
0.8819095477386935	0.8819095477386935	0.8464497482957899
0.8831658291457286	0.8831658291457286	0.8490004055554519
0.8844221105527639	0.8844221105527639	0.8492382166350327
0.885678391959799	0.885678391959799	0.8492585910332805
0.8869346733668342	0.8869346733668342	0.8522043256423086
0.8881909547738693	0.8881909547738693	0.8539111894393769
0.8894472361809045	0.8894472361809045	0.854606196068314
0.8907035175879398	0.8907035175879398	0.8552910604003602
0.8919597989949749	0.8919597989949749	0.8594796451257799
0.8932160804020101	0.8932160804020101	0.8603055126939141
0.8944723618090452	0.8944723618090452	0.8611697648140444
0.8957286432160804	0.8957286432160804	0.8611745701214704
0.8969849246231156	0.8969849246231156	0.8613369268988532
0.8982412060301508	0.8982412060301508	0.8694982790693677
0.8994974874371859	0.8994974874371859	0.8697065520698662
0.9007537688442211	0.9007537688442211	0.8705662608973692
0.9020100502512562	0.9020100502512562	0.8708056341256324
0.9032663316582915	0.9032663316582915	0.8738935454834936
0.9045226130653267	0.9045226130653267	0.8741864978213155
0.9057788944723618	0.9057788944723618	0.8756132745916436
0.907035175879397	0.907035175879397	0.8779537989624278
0.9082914572864321	0.9082914572864321	0.8783446223905165
0.9095477386934674	0.9095477386934674	0.879094252162421
0.9108040201005025	0.9108040201005025	0.8809894479371322
0.9120603015075377	0.9120603015075377	0.8811452477015188
0.9133165829145728	0.9133165829145728	0.8813660159494391
0.914572864321608	0.914572864321608	0.8832674004645301
0.9158291457286433	0.9158291457286433	0.8835539141536819
0.9170854271356784	0.9170854271356784	0.8836193587030399
0.9183417085427136	0.9183417085427136	0.8873378037345909
0.9195979899497487	0.9195979899497487	0.8879929136289212
0.9208542713567839	0.9208542713567839	0.8891023835705067
0.9221105527638191	0.9221105527638191	0.8900320382241469
0.9233668341708543	0.9233668341708543	0.8911745475445919
0.9246231155778895	0.9246231155778895	0.8914075940005837
0.9258793969849246	0.9258793969849246	0.8977261753215587
0.9271356783919598	0.9271356783919598	0.8985994425598314
0.928391959798995	0.928391959798995	0.8993857065283456
0.9296482412060302	0.9296482412060302	0.9007017190708795
0.9309045226130653	0.9309045226130653	0.9009823689731267
0.9321608040201005	0.9321608040201005	0.905759801291344
0.9334170854271356	0.9334170854271356	0.9059689301176382
0.9346733668341709	0.9346733668341709	0.9079997300965602
0.9359296482412061	0.9359296482412061	0.9084115642687141
0.9371859296482412	0.9371859296482412	0.9096911231395107
0.9384422110552764	0.9384422110552764	0.917868465769976
0.9396984924623115	0.9396984924623115	0.9179269322887571
0.9409547738693468	0.9409547738693468	0.9190359174039242
0.9422110552763819	0.9422110552763819	0.9197225188074825
0.9434673366834171	0.9434673366834171	0.9197833644767599
0.9447236180904522	0.9447236180904522	0.923113627494212
0.9459798994974874	0.9459798994974874	0.9249397128891046
0.9472361809045227	0.9472361809045227	0.925021870291137
0.9484924623115578	0.9484924623115578	0.9274732243699824
0.949748743718593	0.949748743718593	0.9282956636569291
0.9510050251256281	0.9510050251256281	0.9288190473537041
0.9522613065326633	0.9522613065326633	0.9292342605740519
0.9535175879396985	0.9535175879396985	0.9304303849483435
0.9547738693467337	0.9547738693467337	0.9355570797401571
0.9560301507537688	0.9560301507537688	0.9391535485499092
0.957286432160804	0.957286432160804	0.9396808626526999
0.9585427135678392	0.9585427135678392	0.9407419381619843
0.9597989949748744	0.9597989949748744	0.9438452581991269
0.9610552763819096	0.9610552763819096	0.9442460605937043
0.9623115577889447	0.9623115577889447	0.9454375105781134
0.9635678391959799	0.9635678391959799	0.9487913931111073
0.964824120603015	0.964824120603015	0.9500306121808034
0.9660804020100503	0.9660804020100503	0.9540959009539397
0.9673366834170855	0.9673366834170855	0.9546769438205953
0.9685929648241206	0.9685929648241206	0.9605008037032015
0.9698492462311558	0.9698492462311558	0.9632112526713048
0.9711055276381909	0.9711055276381909	0.9637410906956985
0.9723618090452262	0.9723618090452262	0.9639634063060808
0.9736180904522613	0.9736180904522613	0.9680970049951048
0.9748743718592965	0.9748743718592965	0.9712850930840781
0.9761306532663316	0.9761306532663316	0.9723117281211264
0.9773869346733668	0.9773869346733668	0.9770457858466711
0.9786432160804021	0.9786432160804021	0.9787477225489708
0.9798994974874372	0.9798994974874372	0.9792706720004005
0.9811557788944724	0.9811557788944724	0.9805062523945467
0.9824120603015075	0.9824120603015075	0.9819752734871717
0.9836683417085427	0.9836683417085427	0.9835831168190083
0.9849246231155779	0.9849246231155779	0.9847851176398289
0.9861809045226131	0.9861809045226131	0.9868015433481869
0.9874371859296482	0.9874371859296482	0.987265729653654
0.9886934673366834	0.9886934673366834	0.9876212392833817
0.9899497487437185	0.9899497487437185	0.9883932280399803
0.9912060301507538	0.9912060301507538	0.9904949501988439
0.992462311557789	0.992462311557789	0.9920498408553926
0.9937185929648241	0.9937185929648241	0.9922516021652728
0.9949748743718593	0.9949748743718593	0.9926558798220582
0.9962311557788944	0.9962311557788944	0.9944833557046382
0.9974874371859297	0.9974874371859297	0.9947871803149352
0.9987437185929648	0.9987437185929648	0.999703922271971
Data type = PROTEIN
Expected	Expected	Observed
0.0	0.0	0.363752948013485
0.2	0.2	0.5957733393358787
0.4	0.4	0.8094838112670932
0.6	0.6	0.834898065453519
0.8	0.8	0.9610459709177672