Pool proteomics = false

Data type = PHOSPHOPROTEIN
Expected	Expected	Observed
0.0	0.0	4.2318091193481963E-7
0.001256281407035176	0.001256281407035176	1.8405730275015124E-6
0.002512562814070352	0.002512562814070352	2.3011269219970446E-6
0.0037688442211055275	0.0037688442211055275	2.365945856987712E-6
0.005025125628140704	0.005025125628140704	6.402790038229468E-6
0.00628140703517588	0.00628140703517588	7.1349404472504456E-6
0.007537688442211055	0.007537688442211055	1.7018795362412377E-5
0.008793969849246231	0.008793969849246231	4.811699198588379E-5
0.010050251256281407	0.010050251256281407	5.204686147822031E-5
0.011306532663316583	0.011306532663316583	5.643883837190918E-5
0.01256281407035176	0.01256281407035176	1.3608100500529671E-4
0.013819095477386936	0.013819095477386936	1.585307345569145E-4
0.01507537688442211	0.01507537688442211	1.7942736857256167E-4
0.016331658291457288	0.016331658291457288	1.9248040857973886E-4
0.017587939698492462	0.017587939698492462	1.9946494519811775E-4
0.018844221105527637	0.018844221105527637	2.314072203235362E-4
0.020100502512562814	0.020100502512562814	2.49489314433297E-4
0.02135678391959799	0.02135678391959799	2.6768529426984307E-4
0.022613065326633167	0.022613065326633167	3.6442678593967196E-4
0.02386934673366834	0.02386934673366834	3.7850355365019305E-4
0.02512562814070352	0.02512562814070352	3.881809563876651E-4
0.026381909547738693	0.026381909547738693	4.3855105042290074E-4
0.02763819095477387	0.02763819095477387	7.215080660369526E-4
0.028894472361809045	0.028894472361809045	7.420877898215291E-4
0.03015075376884422	0.03015075376884422	7.65938076770887E-4
0.031407035175879394	0.031407035175879394	9.85634998824243E-4
0.032663316582914576	0.032663316582914576	0.0010047648420586136
0.03391959798994975	0.03391959798994975	0.0010891788169783848
0.035175879396984924	0.035175879396984924	0.0011047841753278986
0.0364321608040201	0.0364321608040201	0.001142591431342434
0.03768844221105527	0.03768844221105527	0.0011509723384660869
0.038944723618090454	0.038944723618090454	0.0011529039017968083
0.04020100502512563	0.04020100502512563	0.001153989120143451
0.0414572864321608	0.0414572864321608	0.0013254147924694883
0.04271356783919598	0.04271356783919598	0.0014326404374311204
0.04396984924623116	0.04396984924623116	0.0014436043657882808
0.04522613065326633	0.04522613065326633	0.0014695610939785607
0.04648241206030151	0.04648241206030151	0.0015203411616016153
0.04773869346733668	0.04773869346733668	0.0015391880537407457
0.048994974874371856	0.048994974874371856	0.001615347244766138
0.05025125628140704	0.05025125628140704	0.001656445538926576
0.05150753768844221	0.05150753768844221	0.0017947597659074572
0.052763819095477386	0.052763819095477386	0.0020659550110397593
0.05402010050251256	0.05402010050251256	0.002068779891683799
0.05527638190954774	0.05527638190954774	0.0022767704799011874
0.056532663316582916	0.056532663316582916	0.002321248868841476
0.05778894472361809	0.05778894472361809	0.002358705679796964
0.059045226130653265	0.059045226130653265	0.0025800594415410667
0.06030150753768844	0.06030150753768844	0.002605005523386766
0.06155778894472362	0.06155778894472362	0.0028781480741499562
0.06281407035175879	0.06281407035175879	0.0029776632320234406
0.06407035175879397	0.06407035175879397	0.002997106333873088
0.06532663316582915	0.06532663316582915	0.0031460169314522853
0.06658291457286432	0.06658291457286432	0.003180536408110903
0.0678391959798995	0.0678391959798995	0.0035793018829605766
0.06909547738693467	0.06909547738693467	0.0038684553615269753
0.07035175879396985	0.07035175879396985	0.004454066504733982
0.07160804020100503	0.07160804020100503	0.004583651128201248
0.0728643216080402	0.0728643216080402	0.0046487346191551315
0.07412060301507538	0.07412060301507538	0.005148531217810473
0.07537688442211055	0.07537688442211055	0.0051865868741074956
0.07663316582914573	0.07663316582914573	0.005307411999609881
0.07788944723618091	0.07788944723618091	0.005498747096652962
0.07914572864321608	0.07914572864321608	0.005624500592269255
0.08040201005025126	0.08040201005025126	0.005962661165567431
0.08165829145728644	0.08165829145728644	0.006018989127315797
0.0829145728643216	0.0829145728643216	0.006618133366119369
0.08417085427135679	0.08417085427135679	0.006710647633911994
0.08542713567839195	0.08542713567839195	0.00683043075028216
0.08668341708542714	0.08668341708542714	0.00721934174061592
0.08793969849246232	0.08793969849246232	0.007961126759586648
0.08919597989949749	0.08919597989949749	0.00926667208382697
0.09045226130653267	0.09045226130653267	0.009736442560787614
0.09170854271356783	0.09170854271356783	0.009824337661283492
0.09296482412060302	0.09296482412060302	0.009875232995215278
0.0942211055276382	0.0942211055276382	0.01027489591723027
0.09547738693467336	0.09547738693467336	0.010410257233896356
0.09673366834170855	0.09673366834170855	0.010447948148987382
0.09798994974874371	0.09798994974874371	0.011131506810864212
0.0992462311557789	0.0992462311557789	0.011302827578072723
0.10050251256281408	0.10050251256281408	0.011976802052500093
0.10175879396984924	0.10175879396984924	0.012148755894176655
0.10301507537688442	0.10301507537688442	0.012592488454329868
0.10427135678391959	0.10427135678391959	0.01287963299252248
0.10552763819095477	0.10552763819095477	0.013005644714407679
0.10678391959798995	0.10678391959798995	0.01312975809578655
0.10804020100502512	0.10804020100502512	0.013134885704181304
0.1092964824120603	0.1092964824120603	0.013257982910974046
0.11055276381909548	0.11055276381909548	0.014654920203459045
0.11180904522613065	0.11180904522613065	0.015389491714847204
0.11306532663316583	0.11306532663316583	0.015427036944338238
0.114321608040201	0.114321608040201	0.01576799770747345
0.11557788944723618	0.11557788944723618	0.015808519853622884
0.11683417085427136	0.11683417085427136	0.01582729542639533
0.11809045226130653	0.11809045226130653	0.016540188582888388
0.11934673366834171	0.11934673366834171	0.016649592218318486
0.12060301507537688	0.12060301507537688	0.016741215982788462
0.12185929648241206	0.12185929648241206	0.016749889014172552
0.12311557788944724	0.12311557788944724	0.01689730646079462
0.12437185929648241	0.12437185929648241	0.017325122440601134
0.12562814070351758	0.12562814070351758	0.017503899040559774
0.12688442211055276	0.12688442211055276	0.018083578897923745
0.12814070351758794	0.12814070351758794	0.01958895073596435
0.12939698492462312	0.12939698492462312	0.019872342738562646
0.1306532663316583	0.1306532663316583	0.01997083590719909
0.13190954773869346	0.13190954773869346	0.02085535222581903
0.13316582914572864	0.13316582914572864	0.02094299305846775
0.13442211055276382	0.13442211055276382	0.02135626765185849
0.135678391959799	0.135678391959799	0.021476102924575524
0.13693467336683418	0.13693467336683418	0.022443867359953223
0.13819095477386933	0.13819095477386933	0.023224582048645352
0.13944723618090452	0.13944723618090452	0.02348699344744652
0.1407035175879397	0.1407035175879397	0.023678232921777183
0.14195979899497488	0.14195979899497488	0.025034849252281534
0.14321608040201006	0.14321608040201006	0.02736917269051356
0.1444723618090452	0.1444723618090452	0.027654308781604662
0.1457286432160804	0.1457286432160804	0.02920343927693993
0.14698492462311558	0.14698492462311558	0.029751089016522677
0.14824120603015076	0.14824120603015076	0.029861922223517544
0.14949748743718594	0.14949748743718594	0.030135819736250607
0.1507537688442211	0.1507537688442211	0.030173797882819285
0.15201005025125627	0.15201005025125627	0.030604165682743312
0.15326633165829145	0.15326633165829145	0.03177153113302226
0.15452261306532664	0.15452261306532664	0.031827786320117374
0.15577889447236182	0.15577889447236182	0.03247725536658481
0.157035175879397	0.157035175879397	0.03360372420753313
0.15829145728643215	0.15829145728643215	0.03380362007356805
0.15954773869346733	0.15954773869346733	0.034297279047813795
0.16080402010050251	0.16080402010050251	0.034450203031288824
0.1620603015075377	0.1620603015075377	0.034626471700592694
0.16331658291457288	0.16331658291457288	0.035408864940517544
0.16457286432160803	0.16457286432160803	0.035590450905988474
0.1658291457286432	0.1658291457286432	0.03570347067791798
0.1670854271356784	0.1670854271356784	0.03592603160167619
0.16834170854271358	0.16834170854271358	0.03603544113425584
0.16959798994974876	0.16959798994974876	0.036741683446648105
0.1708542713567839	0.1708542713567839	0.03842693304424367
0.1721105527638191	0.1721105527638191	0.038455492531893655
0.17336683417085427	0.17336683417085427	0.04035484060733268
0.17462311557788945	0.17462311557788945	0.04054784446319206
0.17587939698492464	0.17587939698492464	0.04070628043030949
0.1771356783919598	0.1771356783919598	0.04167173652137545
0.17839195979899497	0.17839195979899497	0.042875107174781144
0.17964824120603015	0.17964824120603015	0.04289125345798514
0.18090452261306533	0.18090452261306533	0.043119630747238104
0.18216080402010051	0.18216080402010051	0.04422558626120648
0.18341708542713567	0.18341708542713567	0.04481349051518789
0.18467336683417085	0.18467336683417085	0.0450015800113631
0.18592964824120603	0.18592964824120603	0.045231695390129605
0.1871859296482412	0.1871859296482412	0.045355197117322166
0.1884422110552764	0.1884422110552764	0.04721697576147069
0.18969849246231155	0.18969849246231155	0.04752759171662609
0.19095477386934673	0.19095477386934673	0.04873888690304293
0.1922110552763819	0.1922110552763819	0.04887146401052298
0.1934673366834171	0.1934673366834171	0.050149605666856376
0.19472361809045227	0.19472361809045227	0.052900283929891295
0.19597989949748743	0.19597989949748743	0.053276536065973455
0.1972361809045226	0.1972361809045226	0.054327406082321034
0.1984924623115578	0.1984924623115578	0.05446840198688482
0.19974874371859297	0.19974874371859297	0.05496834828650936
0.20100502512562815	0.20100502512562815	0.055114215062026205
0.2022613065326633	0.2022613065326633	0.05523031452109314
0.20351758793969849	0.20351758793969849	0.056424011662224514
0.20477386934673367	0.20477386934673367	0.05760208633270698
0.20603015075376885	0.20603015075376885	0.05765030100913138
0.20728643216080403	0.20728643216080403	0.057740151587877
0.20854271356783918	0.20854271356783918	0.05882238582213642
0.20979899497487436	0.20979899497487436	0.0592740747071554
0.21105527638190955	0.21105527638190955	0.05939142516144434
0.21231155778894473	0.21231155778894473	0.06004547546369041
0.2135678391959799	0.2135678391959799	0.06098356285421053
0.21482412060301506	0.21482412060301506	0.06282085429573821
0.21608040201005024	0.21608040201005024	0.06306621058497737
0.21733668341708542	0.21733668341708542	0.06317396483083702
0.2185929648241206	0.2185929648241206	0.0633713983677535
0.2198492462311558	0.2198492462311558	0.06372686712499265
0.22110552763819097	0.22110552763819097	0.06437845047254173
0.22236180904522612	0.22236180904522612	0.06445023152209121
0.2236180904522613	0.2236180904522613	0.06481860798181757
0.22487437185929648	0.22487437185929648	0.06724924899247699
0.22613065326633167	0.22613065326633167	0.06795178313616909
0.22738693467336685	0.22738693467336685	0.0684377220775
0.228643216080402	0.228643216080402	0.06932462802715292
0.22989949748743718	0.22989949748743718	0.07026268981537888
0.23115577889447236	0.23115577889447236	0.07227273844751206
0.23241206030150754	0.23241206030150754	0.07364870022088237
0.23366834170854273	0.23366834170854273	0.07375920723339811
0.23492462311557788	0.23492462311557788	0.07427353365470017
0.23618090452261306	0.23618090452261306	0.07469742692237478
0.23743718592964824	0.23743718592964824	0.07492232815310157
0.23869346733668342	0.23869346733668342	0.07604717016483042
0.2399497487437186	0.2399497487437186	0.07646779041736917
0.24120603015075376	0.24120603015075376	0.07662013486420297
0.24246231155778894	0.24246231155778894	0.07662489558476088
0.24371859296482412	0.24371859296482412	0.07729595038475882
0.2449748743718593	0.2449748743718593	0.07747911358458315
0.24623115577889448	0.24623115577889448	0.0774891984630756
0.24748743718592964	0.24748743718592964	0.07783299666393513
0.24874371859296482	0.24874371859296482	0.07792897099519225
0.25	0.25	0.07817240154560717
0.25125628140703515	0.25125628140703515	0.08112411054609478
0.25251256281407036	0.25251256281407036	0.08127789788184982
0.2537688442211055	0.2537688442211055	0.08410594961163981
0.2550251256281407	0.2550251256281407	0.0844397774428023
0.2562814070351759	0.2562814070351759	0.08466736606653713
0.25753768844221103	0.25753768844221103	0.08489382332305165
0.25879396984924624	0.25879396984924624	0.08528854812703474
0.2600502512562814	0.2600502512562814	0.08587462153677607
0.2613065326633166	0.2613065326633166	0.08602836989818419
0.26256281407035176	0.26256281407035176	0.08647888941337374
0.2638190954773869	0.2638190954773869	0.0870313731599031
0.2650753768844221	0.2650753768844221	0.08718109562329725
0.2663316582914573	0.2663316582914573	0.0872124675203053
0.2675879396984925	0.2675879396984925	0.08750245380394576
0.26884422110552764	0.26884422110552764	0.0880961214886671
0.2701005025125628	0.2701005025125628	0.08887671970727266
0.271356783919598	0.271356783919598	0.0890121482881791
0.27261306532663315	0.27261306532663315	0.08909057394692355
0.27386934673366836	0.27386934673366836	0.08934661831481347
0.2751256281407035	0.2751256281407035	0.08935206237208064
0.27638190954773867	0.27638190954773867	0.09085419209937819
0.2776381909547739	0.2776381909547739	0.09106474366009713
0.27889447236180903	0.27889447236180903	0.09181887248929507
0.28015075376884424	0.28015075376884424	0.09266538896688371
0.2814070351758794	0.2814070351758794	0.09293976521917
0.28266331658291455	0.28266331658291455	0.0933333296639027
0.28391959798994976	0.28391959798994976	0.09375812715502982
0.2851758793969849	0.2851758793969849	0.09457359104283403
0.2864321608040201	0.2864321608040201	0.09511863886579355
0.2876884422110553	0.2876884422110553	0.09530931435445389
0.2889447236180904	0.2889447236180904	0.09550644322349224
0.29020100502512564	0.29020100502512564	0.09577629621750977
0.2914572864321608	0.2914572864321608	0.0973457160785611
0.292713567839196	0.292713567839196	0.09823014313281699
0.29396984924623115	0.29396984924623115	0.09923485518141403
0.2952261306532663	0.2952261306532663	0.09984759320179303
0.2964824120603015	0.2964824120603015	0.10017755281707276
0.29773869346733667	0.29773869346733667	0.10061852791776466
0.2989949748743719	0.2989949748743719	0.10192382636688935
0.30025125628140703	0.30025125628140703	0.1034181380466233
0.3015075376884422	0.3015075376884422	0.10586850625747994
0.3027638190954774	0.3027638190954774	0.10728927136829514
0.30402010050251255	0.30402010050251255	0.10788280673237904
0.30527638190954776	0.30527638190954776	0.108377303106195
0.3065326633165829	0.3065326633165829	0.10894210972563256
0.30778894472361806	0.30778894472361806	0.11061716208155498
0.30904522613065327	0.30904522613065327	0.11163709888665688
0.3103015075376884	0.3103015075376884	0.11223760822897248
0.31155778894472363	0.31155778894472363	0.11281423508469685
0.3128140703517588	0.3128140703517588	0.11508697707814565
0.314070351758794	0.314070351758794	0.11632306298200995
0.31532663316582915	0.31532663316582915	0.11680019835868989
0.3165829145728643	0.3165829145728643	0.11844843812576886
0.3178391959798995	0.3178391959798995	0.11916616442267959
0.31909547738693467	0.31909547738693467	0.11928018317387813
0.3203517587939699	0.3203517587939699	0.11991428493300188
0.32160804020100503	0.32160804020100503	0.12125683687420405
0.3228643216080402	0.3228643216080402	0.12189028324796217
0.3241206030150754	0.3241206030150754	0.12276529893387216
0.32537688442211055	0.32537688442211055	0.12276672070745404
0.32663316582914576	0.32663316582914576	0.12401776288623387
0.3278894472361809	0.3278894472361809	0.12427239524415482
0.32914572864321606	0.32914572864321606	0.12467371065028282
0.33040201005025127	0.33040201005025127	0.12513479236293373
0.3316582914572864	0.3316582914572864	0.12545381603217162
0.33291457286432163	0.33291457286432163	0.1267008181788389
0.3341708542713568	0.3341708542713568	0.12937086381639143
0.33542713567839194	0.33542713567839194	0.12980320609238244
0.33668341708542715	0.33668341708542715	0.13029873624932276
0.3379396984924623	0.3379396984924623	0.13045358788545935
0.3391959798994975	0.3391959798994975	0.13053738329704986
0.34045226130653267	0.34045226130653267	0.13279761497098902
0.3417085427135678	0.3417085427135678	0.132997828881461
0.34296482412060303	0.34296482412060303	0.1345423044073002
0.3442211055276382	0.3442211055276382	0.13483992116544688
0.3454773869346734	0.3454773869346734	0.13498629540748885
0.34673366834170855	0.34673366834170855	0.13632139049033798
0.3479899497487437	0.3479899497487437	0.13849011944529535
0.3492462311557789	0.3492462311557789	0.1386950744477764
0.35050251256281406	0.35050251256281406	0.14094636553208983
0.35175879396984927	0.35175879396984927	0.14422675846601737
0.3530150753768844	0.3530150753768844	0.14510658094072185
0.3542713567839196	0.3542713567839196	0.14532673015285924
0.3555276381909548	0.3555276381909548	0.146556028060019
0.35678391959798994	0.35678391959798994	0.14700272540254722
0.35804020100502515	0.35804020100502515	0.14752838036496052
0.3592964824120603	0.3592964824120603	0.14766781803461657
0.36055276381909546	0.36055276381909546	0.14822760869094026
0.36180904522613067	0.36180904522613067	0.14865134727938845
0.3630653266331658	0.3630653266331658	0.14899060769893183
0.36432160804020103	0.36432160804020103	0.1498105314220465
0.3655778894472362	0.3655778894472362	0.1499839927169994
0.36683417085427134	0.36683417085427134	0.15040142496842565
0.36809045226130654	0.36809045226130654	0.153811065369399
0.3693467336683417	0.3693467336683417	0.15518504932391694
0.3706030150753769	0.3706030150753769	0.15540715601624833
0.37185929648241206	0.37185929648241206	0.15623786348076074
0.3731155778894472	0.3731155778894472	0.16060875671881336
0.3743718592964824	0.3743718592964824	0.1620478611465326
0.3756281407035176	0.3756281407035176	0.163300722690654
0.3768844221105528	0.3768844221105528	0.16517688295598543
0.37814070351758794	0.37814070351758794	0.1684205439965718
0.3793969849246231	0.3793969849246231	0.1691820574204167
0.3806532663316583	0.3806532663316583	0.17013082998994744
0.38190954773869346	0.38190954773869346	0.1720366145130574
0.38316582914572866	0.38316582914572866	0.17403387684698135
0.3844221105527638	0.3844221105527638	0.17510417723755037
0.38567839195979897	0.38567839195979897	0.17563107937847966
0.3869346733668342	0.3869346733668342	0.17614643604335156
0.38819095477386933	0.38819095477386933	0.17853926760048366
0.38944723618090454	0.38944723618090454	0.1787044710507999
0.3907035175879397	0.3907035175879397	0.17939519918413915
0.39195979899497485	0.39195979899497485	0.18156602709897135
0.39321608040201006	0.39321608040201006	0.1817902766692632
0.3944723618090452	0.3944723618090452	0.18593987448871396
0.3957286432160804	0.3957286432160804	0.18653062805191184
0.3969849246231156	0.3969849246231156	0.1874546305106103
0.39824120603015073	0.39824120603015073	0.18893059809199342
0.39949748743718594	0.39949748743718594	0.1896681505836042
0.4007537688442211	0.4007537688442211	0.19104830114529503
0.4020100502512563	0.4020100502512563	0.192425473843865
0.40326633165829145	0.40326633165829145	0.19310671262332235
0.4045226130653266	0.4045226130653266	0.19539332861498127
0.4057788944723618	0.4057788944723618	0.19596259039743902
0.40703517587939697	0.40703517587939697	0.1974769331868801
0.4082914572864322	0.4082914572864322	0.19894781416824936
0.40954773869346733	0.40954773869346733	0.19938047597633324
0.4108040201005025	0.4108040201005025	0.20002915426645362
0.4120603015075377	0.4120603015075377	0.201511109651639
0.41331658291457285	0.41331658291457285	0.20249997537137399
0.41457286432160806	0.41457286432160806	0.20348689496662264
0.4158291457286432	0.4158291457286432	0.20466167726223727
0.41708542713567837	0.41708542713567837	0.2049458340748913
0.4183417085427136	0.4183417085427136	0.2089056547075876
0.41959798994974873	0.41959798994974873	0.20956950521061857
0.42085427135678394	0.42085427135678394	0.2096087825323819
0.4221105527638191	0.4221105527638191	0.21000805913822673
0.42336683417085424	0.42336683417085424	0.2117110325004364
0.42462311557788945	0.42462311557788945	0.21323940287024112
0.4258793969849246	0.4258793969849246	0.21420577200972224
0.4271356783919598	0.4271356783919598	0.2145721092953079
0.42839195979899497	0.42839195979899497	0.21522907579395967
0.4296482412060301	0.4296482412060301	0.2181827284602108
0.43090452261306533	0.43090452261306533	0.21862822658464565
0.4321608040201005	0.4321608040201005	0.21953174590590863
0.4334170854271357	0.4334170854271357	0.22035621092170343
0.43467336683417085	0.43467336683417085	0.22381855518867488
0.435929648241206	0.435929648241206	0.22729814791009273
0.4371859296482412	0.4371859296482412	0.2274284393765592
0.43844221105527637	0.43844221105527637	0.22760122908769298
0.4396984924623116	0.4396984924623116	0.22775309582196468
0.44095477386934673	0.44095477386934673	0.2278136678095215
0.44221105527638194	0.44221105527638194	0.22905139199886182
0.4434673366834171	0.4434673366834171	0.22986237482522676
0.44472361809045224	0.44472361809045224	0.23183211174548468
0.44597989949748745	0.44597989949748745	0.23394400434291573
0.4472361809045226	0.4472361809045226	0.23743019289070955
0.4484924623115578	0.4484924623115578	0.23831503848842706
0.44974874371859297	0.44974874371859297	0.24162644542311973
0.4510050251256281	0.4510050251256281	0.2425715897119135
0.45226130653266333	0.45226130653266333	0.2449389538646971
0.4535175879396985	0.4535175879396985	0.24761425919724567
0.4547738693467337	0.4547738693467337	0.24822442516238263
0.45603015075376885	0.45603015075376885	0.2506823600121606
0.457286432160804	0.457286432160804	0.2507119153391868
0.4585427135678392	0.4585427135678392	0.2507622219598743
0.45979899497487436	0.45979899497487436	0.25113662908800705
0.4610552763819096	0.4610552763819096	0.2524556682394752
0.4623115577889447	0.4623115577889447	0.25316614987491093
0.4635678391959799	0.4635678391959799	0.2531954119455325
0.4648241206030151	0.4648241206030151	0.25376270550857893
0.46608040201005024	0.46608040201005024	0.25535491259086296
0.46733668341708545	0.46733668341708545	0.25622163800014497
0.4685929648241206	0.4685929648241206	0.25634154554876465
0.46984924623115576	0.46984924623115576	0.25758496543069154
0.47110552763819097	0.47110552763819097	0.2583503599245386
0.4723618090452261	0.4723618090452261	0.26032857789062147
0.47361809045226133	0.47361809045226133	0.2614447546943778
0.4748743718592965	0.4748743718592965	0.26202228435797825
0.47613065326633164	0.47613065326633164	0.2630509512403262
0.47738693467336685	0.47738693467336685	0.2644647662527275
0.478643216080402	0.478643216080402	0.26610247892661854
0.4798994974874372	0.4798994974874372	0.26902996444197824
0.48115577889447236	0.48115577889447236	0.27101148175167766
0.4824120603015075	0.4824120603015075	0.27141246418075715
0.4836683417085427	0.4836683417085427	0.27426734411966613
0.4849246231155779	0.4849246231155779	0.27473592216925424
0.4861809045226131	0.4861809045226131	0.2748535359799842
0.48743718592964824	0.48743718592964824	0.2754517516275564
0.4886934673366834	0.4886934673366834	0.27620337326404787
0.4899497487437186	0.4899497487437186	0.27661358575985406
0.49120603015075376	0.49120603015075376	0.27960750778554266
0.49246231155778897	0.49246231155778897	0.2809377594557514
0.4937185929648241	0.4937185929648241	0.28201851933314803
0.4949748743718593	0.4949748743718593	0.2871916192010803
0.4962311557788945	0.4962311557788945	0.2875834447443689
0.49748743718592964	0.49748743718592964	0.2888134384336666
0.49874371859296485	0.49874371859296485	0.29030539756646945
0.5	0.5	0.29046782886382083
0.5012562814070352	0.5012562814070352	0.29089625728872004
0.5025125628140703	0.5025125628140703	0.2919343378118644
0.5037688442211056	0.5037688442211056	0.2943767432632315
0.5050251256281407	0.5050251256281407	0.29842363113746806
0.5062814070351759	0.5062814070351759	0.2985628937664633
0.507537688442211	0.507537688442211	0.3005800741300262
0.5087939698492462	0.5087939698492462	0.3022785453993435
0.5100502512562815	0.5100502512562815	0.30239572447883656
0.5113065326633166	0.5113065326633166	0.3029163213786539
0.5125628140703518	0.5125628140703518	0.3032886391142383
0.5138190954773869	0.5138190954773869	0.3039291524859694
0.5150753768844221	0.5150753768844221	0.3081278168304875
0.5163316582914573	0.5163316582914573	0.30910797259314027
0.5175879396984925	0.5175879396984925	0.309257179336778
0.5188442211055276	0.5188442211055276	0.3104364162491061
0.5201005025125628	0.5201005025125628	0.31121550253398456
0.5213567839195979	0.5213567839195979	0.3140358519733947
0.5226130653266332	0.5226130653266332	0.31486805984318456
0.5238693467336684	0.5238693467336684	0.3160926983912018
0.5251256281407035	0.5251256281407035	0.31708866504425004
0.5263819095477387	0.5263819095477387	0.31754203447191265
0.5276381909547738	0.5276381909547738	0.31756161402948224
0.5288944723618091	0.5288944723618091	0.31871112446005234
0.5301507537688442	0.5301507537688442	0.3189594136545034
0.5314070351758794	0.5314070351758794	0.31912922700098534
0.5326633165829145	0.5326633165829145	0.32105767241181393
0.5339195979899497	0.5339195979899497	0.32200453463430323
0.535175879396985	0.535175879396985	0.3226910135885669
0.5364321608040201	0.5364321608040201	0.32361083786055744
0.5376884422110553	0.5376884422110553	0.3245737592275847
0.5389447236180904	0.5389447236180904	0.3268304061584052
0.5402010050251256	0.5402010050251256	0.32738270498131095
0.5414572864321608	0.5414572864321608	0.3302180553015609
0.542713567839196	0.542713567839196	0.33149175452410273
0.5439698492462312	0.5439698492462312	0.33211236342989336
0.5452261306532663	0.5452261306532663	0.33613480499205295
0.5464824120603015	0.5464824120603015	0.33718721030151155
0.5477386934673367	0.5477386934673367	0.33915755124205826
0.5489949748743719	0.5489949748743719	0.3393111679378473
0.550251256281407	0.550251256281407	0.3478888590947967
0.5515075376884422	0.5515075376884422	0.348107220156597
0.5527638190954773	0.5527638190954773	0.35141936302072563
0.5540201005025126	0.5540201005025126	0.3516426950772892
0.5552763819095478	0.5552763819095478	0.35397422582840476
0.5565326633165829	0.5565326633165829	0.3549235414980172
0.5577889447236181	0.5577889447236181	0.3551077533518614
0.5590452261306532	0.5590452261306532	0.356023269362405
0.5603015075376885	0.5603015075376885	0.35629395806752484
0.5615577889447236	0.5615577889447236	0.359765682994845
0.5628140703517588	0.5628140703517588	0.36032603608084735
0.5640703517587939	0.5640703517587939	0.3637594043252035
0.5653266331658291	0.5653266331658291	0.3641781432045087
0.5665829145728644	0.5665829145728644	0.36421771371320577
0.5678391959798995	0.5678391959798995	0.3658619849762592
0.5690954773869347	0.5690954773869347	0.3666428822912249
0.5703517587939698	0.5703517587939698	0.3671297987244566
0.571608040201005	0.571608040201005	0.3678514308248876
0.5728643216080402	0.5728643216080402	0.36798988951628975
0.5741206030150754	0.5741206030150754	0.3682090046291896
0.5753768844221105	0.5753768844221105	0.3709193407982303
0.5766331658291457	0.5766331658291457	0.37347956844731567
0.5778894472361809	0.5778894472361809	0.37443364744026575
0.5791457286432161	0.5791457286432161	0.3766525168525572
0.5804020100502513	0.5804020100502513	0.37827001642058644
0.5816582914572864	0.5816582914572864	0.37991176751025224
0.5829145728643216	0.5829145728643216	0.38043705821154394
0.5841708542713567	0.5841708542713567	0.38365989989747196
0.585427135678392	0.585427135678392	0.3850546355601847
0.5866834170854272	0.5866834170854272	0.38643739245332764
0.5879396984924623	0.5879396984924623	0.38713911798076384
0.5891959798994975	0.5891959798994975	0.3910215075875383
0.5904522613065326	0.5904522613065326	0.3934379590167213
0.5917085427135679	0.5917085427135679	0.3944633517901156
0.592964824120603	0.592964824120603	0.3958557480957191
0.5942211055276382	0.5942211055276382	0.3997720546446577
0.5954773869346733	0.5954773869346733	0.40453772064807925
0.5967336683417085	0.5967336683417085	0.4052086016780919
0.5979899497487438	0.5979899497487438	0.4066942836625894
0.5992462311557789	0.5992462311557789	0.4079371419936594
0.6005025125628141	0.6005025125628141	0.4090882528010965
0.6017587939698492	0.6017587939698492	0.411093895026193
0.6030150753768844	0.6030150753768844	0.41176493808903347
0.6042713567839196	0.6042713567839196	0.41289097440138234
0.6055276381909548	0.6055276381909548	0.413718971762559
0.6067839195979899	0.6067839195979899	0.41650515959130185
0.6080402010050251	0.6080402010050251	0.4166871626557722
0.6092964824120602	0.6092964824120602	0.4208840096695029
0.6105527638190955	0.6105527638190955	0.4222319853252483
0.6118090452261307	0.6118090452261307	0.42281013772901566
0.6130653266331658	0.6130653266331658	0.42362030096064074
0.614321608040201	0.614321608040201	0.4261143947608329
0.6155778894472361	0.6155778894472361	0.42669636975308634
0.6168341708542714	0.6168341708542714	0.42786405944732087
0.6180904522613065	0.6180904522613065	0.4296098545164839
0.6193467336683417	0.6193467336683417	0.4319053501866891
0.6206030150753769	0.6206030150753769	0.4330610713247536
0.621859296482412	0.621859296482412	0.43454410687788714
0.6231155778894473	0.6231155778894473	0.43471042764500867
0.6243718592964824	0.6243718592964824	0.4383201848147119
0.6256281407035176	0.6256281407035176	0.4407304848669894
0.6268844221105527	0.6268844221105527	0.44163806971867225
0.628140703517588	0.628140703517588	0.44468367888624294
0.6293969849246231	0.6293969849246231	0.45077502964112526
0.6306532663316583	0.6306532663316583	0.4521495344263049
0.6319095477386935	0.6319095477386935	0.4522158119450711
0.6331658291457286	0.6331658291457286	0.4551553928416273
0.6344221105527639	0.6344221105527639	0.4552662885159363
0.635678391959799	0.635678391959799	0.4562801539279504
0.6369346733668342	0.6369346733668342	0.45845006950968004
0.6381909547738693	0.6381909547738693	0.46110506379561167
0.6394472361809045	0.6394472361809045	0.4674455424248104
0.6407035175879398	0.6407035175879398	0.46761360985116873
0.6419597989949749	0.6419597989949749	0.4695084004821024
0.6432160804020101	0.6432160804020101	0.47039289858285793
0.6444723618090452	0.6444723618090452	0.4718022367251157
0.6457286432160804	0.6457286432160804	0.4722845219254592
0.6469849246231156	0.6469849246231156	0.4724087841612502
0.6482412060301508	0.6482412060301508	0.4754344336278107
0.6494974874371859	0.6494974874371859	0.47567707554184857
0.6507537688442211	0.6507537688442211	0.4787068589973058
0.6520100502512562	0.6520100502512562	0.4804381821001241
0.6532663316582915	0.6532663316582915	0.48164572899710656
0.6545226130653267	0.6545226130653267	0.4840549794360972
0.6557788944723618	0.6557788944723618	0.48667754939466823
0.657035175879397	0.657035175879397	0.487647053959268
0.6582914572864321	0.6582914572864321	0.4884493440888338
0.6595477386934674	0.6595477386934674	0.48867532259671176
0.6608040201005025	0.6608040201005025	0.4920612456069815
0.6620603015075377	0.6620603015075377	0.49267495617888046
0.6633165829145728	0.6633165829145728	0.49352081087562294
0.664572864321608	0.664572864321608	0.4946103750529418
0.6658291457286433	0.6658291457286433	0.5026428970492753
0.6670854271356784	0.6670854271356784	0.5038112463234957
0.6683417085427136	0.6683417085427136	0.5047312125501044
0.6695979899497487	0.6695979899497487	0.5079231375849659
0.6708542713567839	0.6708542713567839	0.5098270483416883
0.6721105527638191	0.6721105527638191	0.5107037521152362
0.6733668341708543	0.6733668341708543	0.5123334712595873
0.6746231155778895	0.6746231155778895	0.5135779864517724
0.6758793969849246	0.6758793969849246	0.5137711966228568
0.6771356783919598	0.6771356783919598	0.5201098665736534
0.678391959798995	0.678391959798995	0.5212597705703801
0.6796482412060302	0.6796482412060302	0.5212919919782544
0.6809045226130653	0.6809045226130653	0.524743510388271
0.6821608040201005	0.6821608040201005	0.5250089721871443
0.6834170854271356	0.6834170854271356	0.5319431492638675
0.6846733668341709	0.6846733668341709	0.5339165703565898
0.6859296482412061	0.6859296482412061	0.5356746374375807
0.6871859296482412	0.6871859296482412	0.5385722814104498
0.6884422110552764	0.6884422110552764	0.5394547478290268
0.6896984924623115	0.6896984924623115	0.5396122152279087
0.6909547738693468	0.6909547738693468	0.5419316260580098
0.6922110552763819	0.6922110552763819	0.5426200491703677
0.6934673366834171	0.6934673366834171	0.5451711998974685
0.6947236180904522	0.6947236180904522	0.5468358267495435
0.6959798994974874	0.6959798994974874	0.5479555492877863
0.6972361809045227	0.6972361809045227	0.5528385435881176
0.6984924623115578	0.6984924623115578	0.5533104249809807
0.699748743718593	0.699748743718593	0.5578917042801441
0.7010050251256281	0.7010050251256281	0.5585881200528188
0.7022613065326633	0.7022613065326633	0.559218832057579
0.7035175879396985	0.7035175879396985	0.5614872097261376
0.7047738693467337	0.7047738693467337	0.5641338398680134
0.7060301507537688	0.7060301507537688	0.5678724489443616
0.707286432160804	0.707286432160804	0.5702596475134808
0.7085427135678392	0.7085427135678392	0.5726112858997245
0.7097989949748744	0.7097989949748744	0.5733408379404006
0.7110552763819096	0.7110552763819096	0.5736889436648838
0.7123115577889447	0.7123115577889447	0.5743125720221417
0.7135678391959799	0.7135678391959799	0.575987867171845
0.714824120603015	0.714824120603015	0.5761809097585837
0.7160804020100503	0.7160804020100503	0.5769500156449556
0.7173366834170855	0.7173366834170855	0.5772431508496899
0.7185929648241206	0.7185929648241206	0.5789443085815291
0.7198492462311558	0.7198492462311558	0.5829587985752978
0.7211055276381909	0.7211055276381909	0.5829812354619393
0.7223618090452262	0.7223618090452262	0.5843842557494695
0.7236180904522613	0.7236180904522613	0.5846615447148185
0.7248743718592965	0.7248743718592965	0.5850309019826577
0.7261306532663316	0.7261306532663316	0.5852370160732514
0.7273869346733668	0.7273869346733668	0.585365538806651
0.7286432160804021	0.7286432160804021	0.5863208530880754
0.7298994974874372	0.7298994974874372	0.5876002507942133
0.7311557788944724	0.7311557788944724	0.5886510289856206
0.7324120603015075	0.7324120603015075	0.5891160263521187
0.7336683417085427	0.7336683417085427	0.5904446824131897
0.7349246231155779	0.7349246231155779	0.5940460050607896
0.7361809045226131	0.7361809045226131	0.5999750597971694
0.7374371859296482	0.7374371859296482	0.6000017084872615
0.7386934673366834	0.7386934673366834	0.6000767369648052
0.7399497487437185	0.7399497487437185	0.6003206042242197
0.7412060301507538	0.7412060301507538	0.6020665296910366
0.742462311557789	0.742462311557789	0.6042154008692745
0.7437185929648241	0.7437185929648241	0.6085038786979182
0.7449748743718593	0.7449748743718593	0.6103816184108959
0.7462311557788944	0.7462311557788944	0.6105820776104247
0.7474874371859297	0.7474874371859297	0.6124510194484363
0.7487437185929648	0.7487437185929648	0.613305424129202
0.75	0.75	0.6212905262532866
0.7512562814070352	0.7512562814070352	0.6222022028846362
0.7525125628140703	0.7525125628140703	0.62426295973147
0.7537688442211056	0.7537688442211056	0.6246107155497416
0.7550251256281407	0.7550251256281407	0.6300318636910714
0.7562814070351759	0.7562814070351759	0.6322678160428423
0.757537688442211	0.757537688442211	0.6334460643204636
0.7587939698492462	0.7587939698492462	0.6342934352475413
0.7600502512562815	0.7600502512562815	0.6352090855625827
0.7613065326633166	0.7613065326633166	0.6375963721014604
0.7625628140703518	0.7625628140703518	0.6381889985693799
0.7638190954773869	0.7638190954773869	0.6400296314530629
0.7650753768844221	0.7650753768844221	0.6425808051865548
0.7663316582914573	0.7663316582914573	0.6426674038360326
0.7675879396984925	0.7675879396984925	0.6462647016523644
0.7688442211055276	0.7688442211055276	0.6469931286500782
0.7701005025125628	0.7701005025125628	0.6472294428741263
0.7713567839195979	0.7713567839195979	0.6505113601590433
0.7726130653266332	0.7726130653266332	0.6510435214136285
0.7738693467336684	0.7738693467336684	0.6526693184672194
0.7751256281407035	0.7751256281407035	0.6531347402842104
0.7763819095477387	0.7763819095477387	0.6544073330345189
0.7776381909547738	0.7776381909547738	0.6546266672284458
0.7788944723618091	0.7788944723618091	0.6553043955787721
0.7801507537688442	0.7801507537688442	0.6558053940034886
0.7814070351758794	0.7814070351758794	0.6563578712340219
0.7826633165829145	0.7826633165829145	0.6583366481392603
0.7839195979899497	0.7839195979899497	0.6592169936423555
0.785175879396985	0.785175879396985	0.6601675513774042
0.7864321608040201	0.7864321608040201	0.6644405720795796
0.7876884422110553	0.7876884422110553	0.6660555756303301
0.7889447236180904	0.7889447236180904	0.6677154397118255
0.7902010050251256	0.7902010050251256	0.6678736093450632
0.7914572864321608	0.7914572864321608	0.6683699439996069
0.792713567839196	0.792713567839196	0.6697020098432307
0.7939698492462312	0.7939698492462312	0.6751671062674665
0.7952261306532663	0.7952261306532663	0.6758646212299297
0.7964824120603015	0.7964824120603015	0.6807941553400627
0.7977386934673367	0.7977386934673367	0.6815783862617755
0.7989949748743719	0.7989949748743719	0.6839115587778173
0.800251256281407	0.800251256281407	0.6844678461187925
0.8015075376884422	0.8015075376884422	0.6903558653613096
0.8027638190954773	0.8027638190954773	0.6945873493177195
0.8040201005025126	0.8040201005025126	0.6964824324151452
0.8052763819095478	0.8052763819095478	0.6988882924827186
0.8065326633165829	0.8065326633165829	0.7032617233424278
0.8077889447236181	0.8077889447236181	0.7045282957924213
0.8090452261306532	0.8090452261306532	0.704588718861433
0.8103015075376885	0.8103015075376885	0.7059783415817649
0.8115577889447236	0.8115577889447236	0.7074546519728406
0.8128140703517588	0.8128140703517588	0.7087395676153179
0.8140703517587939	0.8140703517587939	0.7090970184016283
0.8153266331658291	0.8153266331658291	0.7126100701983018
0.8165829145728644	0.8165829145728644	0.7140265160643737
0.8178391959798995	0.8178391959798995	0.7155366078901886
0.8190954773869347	0.8190954773869347	0.7182839825428614
0.8203517587939698	0.8203517587939698	0.7184093587673619
0.821608040201005	0.821608040201005	0.7255626687678809
0.8228643216080402	0.8228643216080402	0.7290834316495731
0.8241206030150754	0.8241206030150754	0.7296292146865476
0.8253768844221105	0.8253768844221105	0.7351568804586708
0.8266331658291457	0.8266331658291457	0.7367574941754764
0.8278894472361809	0.8278894472361809	0.7391983057482574
0.8291457286432161	0.8291457286432161	0.739408222538846
0.8304020100502513	0.8304020100502513	0.7408431291461339
0.8316582914572864	0.8316582914572864	0.7448197187864374
0.8329145728643216	0.8329145728643216	0.7464155037838998
0.8341708542713567	0.8341708542713567	0.746901206804326
0.835427135678392	0.835427135678392	0.7518582835813005
0.8366834170854272	0.8366834170854272	0.7523735163262131
0.8379396984924623	0.8379396984924623	0.7527728955192715
0.8391959798994975	0.8391959798994975	0.7560231742710073
0.8404522613065326	0.8404522613065326	0.7602011182094608
0.8417085427135679	0.8417085427135679	0.7628139012051255
0.842964824120603	0.842964824120603	0.7659810892762673
0.8442211055276382	0.8442211055276382	0.7669346486969582
0.8454773869346733	0.8454773869346733	0.7676840795886486
0.8467336683417085	0.8467336683417085	0.7686476513591931
0.8479899497487438	0.8479899497487438	0.7691988791944234
0.8492462311557789	0.8492462311557789	0.7718555099744352
0.8505025125628141	0.8505025125628141	0.7777311835112771
0.8517587939698492	0.8517587939698492	0.7826398436364971
0.8530150753768844	0.8530150753768844	0.7867981755063278
0.8542713567839196	0.8542713567839196	0.7878014908534778
0.8555276381909548	0.8555276381909548	0.7891440725588391
0.8567839195979899	0.8567839195979899	0.7897293874874338
0.8580402010050251	0.8580402010050251	0.7900245111740558
0.8592964824120602	0.8592964824120602	0.7927159600779652
0.8605527638190955	0.8605527638190955	0.7951768027525087
0.8618090452261307	0.8618090452261307	0.7968510139069821
0.8630653266331658	0.8630653266331658	0.8012338205592968
0.864321608040201	0.864321608040201	0.8026692748238128
0.8655778894472361	0.8655778894472361	0.8036003225186913
0.8668341708542714	0.8668341708542714	0.8055863067629516
0.8680904522613065	0.8680904522613065	0.8099237958645005
0.8693467336683417	0.8693467336683417	0.8178138923104705
0.8706030150753769	0.8706030150753769	0.8223929873704928
0.871859296482412	0.871859296482412	0.8257145581655639
0.8731155778894473	0.8731155778894473	0.827777648849123
0.8743718592964824	0.8743718592964824	0.8278714982933744
0.8756281407035176	0.8756281407035176	0.8332573630097965
0.8768844221105527	0.8768844221105527	0.8364971365187872
0.878140703517588	0.878140703517588	0.8373058821155123
0.8793969849246231	0.8793969849246231	0.8393924540424403
0.8806532663316583	0.8806532663316583	0.8401092711770555
0.8819095477386935	0.8819095477386935	0.8408621112666447
0.8831658291457286	0.8831658291457286	0.8423654123966254
0.8844221105527639	0.8844221105527639	0.842488017240614
0.885678391959799	0.885678391959799	0.8443255939127398
0.8869346733668342	0.8869346733668342	0.8452534706472826
0.8881909547738693	0.8881909547738693	0.8465247135519439
0.8894472361809045	0.8894472361809045	0.8498245399061064
0.8907035175879398	0.8907035175879398	0.8499632806697197
0.8919597989949749	0.8919597989949749	0.850714888762927
0.8932160804020101	0.8932160804020101	0.8520027160203429
0.8944723618090452	0.8944723618090452	0.853002748380286
0.8957286432160804	0.8957286432160804	0.8578189604285804
0.8969849246231156	0.8969849246231156	0.8623977015965054
0.8982412060301508	0.8982412060301508	0.8684375861462121
0.8994974874371859	0.8994974874371859	0.8735296832499878
0.9007537688442211	0.9007537688442211	0.8762437612086981
0.9020100502512562	0.9020100502512562	0.8768260295028658
0.9032663316582915	0.9032663316582915	0.8772766112043325
0.9045226130653267	0.9045226130653267	0.8773290579595775
0.9057788944723618	0.9057788944723618	0.8775384388774563
0.907035175879397	0.907035175879397	0.8776183466954153
0.9082914572864321	0.9082914572864321	0.8787204885337306
0.9095477386934674	0.9095477386934674	0.8798207900085216
0.9108040201005025	0.9108040201005025	0.8817589246597559
0.9120603015075377	0.9120603015075377	0.8862367092120089
0.9133165829145728	0.9133165829145728	0.8879711834216691
0.914572864321608	0.914572864321608	0.8901689635669033
0.9158291457286433	0.9158291457286433	0.8917687162209547
0.9170854271356784	0.9170854271356784	0.8921130794338
0.9183417085427136	0.9183417085427136	0.8921768241611726
0.9195979899497487	0.9195979899497487	0.8942937053875637
0.9208542713567839	0.9208542713567839	0.8966965566445134
0.9221105527638191	0.9221105527638191	0.9000251057559853
0.9233668341708543	0.9233668341708543	0.9031177993005483
0.9246231155778895	0.9246231155778895	0.9033392516741797
0.9258793969849246	0.9258793969849246	0.9048687221152337
0.9271356783919598	0.9271356783919598	0.9087288168448658
0.928391959798995	0.928391959798995	0.9128963060998402
0.9296482412060302	0.9296482412060302	0.9130533440102444
0.9309045226130653	0.9309045226130653	0.9141685159964884
0.9321608040201005	0.9321608040201005	0.9174043381866707
0.9334170854271356	0.9334170854271356	0.9188520017799772
0.9346733668341709	0.9346733668341709	0.9211883579812047
0.9359296482412061	0.9359296482412061	0.9233993881089696
0.9371859296482412	0.9371859296482412	0.9236580703461573
0.9384422110552764	0.9384422110552764	0.9239158390813603
0.9396984924623115	0.9396984924623115	0.9253940647462987
0.9409547738693468	0.9409547738693468	0.9265980016959635
0.9422110552763819	0.9422110552763819	0.9266743647335585
0.9434673366834171	0.9434673366834171	0.9290339642589502
0.9447236180904522	0.9447236180904522	0.9299441143439247
0.9459798994974874	0.9459798994974874	0.9314329190678915
0.9472361809045227	0.9472361809045227	0.9315833905340619
0.9484924623115578	0.9484924623115578	0.9317748952075006
0.949748743718593	0.949748743718593	0.9368586052078571
0.9510050251256281	0.9510050251256281	0.9372433426939446
0.9522613065326633	0.9522613065326633	0.9451744922880351
0.9535175879396985	0.9535175879396985	0.9456135368203321
0.9547738693467337	0.9547738693467337	0.9456848499745585
0.9560301507537688	0.9560301507537688	0.9491887534485883
0.957286432160804	0.957286432160804	0.9497561454232913
0.9585427135678392	0.9585427135678392	0.9505458182711762
0.9597989949748744	0.9597989949748744	0.9518396314746512
0.9610552763819096	0.9610552763819096	0.9525213819958711
0.9623115577889447	0.9623115577889447	0.9531333786960104
0.9635678391959799	0.9635678391959799	0.9541516487508285
0.964824120603015	0.964824120603015	0.9574380257950503
0.9660804020100503	0.9660804020100503	0.9630448915908878
0.9673366834170855	0.9673366834170855	0.9634526178200956
0.9685929648241206	0.9685929648241206	0.9654363496516675
0.9698492462311558	0.9698492462311558	0.9661116867802946
0.9711055276381909	0.9711055276381909	0.967207988502064
0.9723618090452262	0.9723618090452262	0.9685217332729021
0.9736180904522613	0.9736180904522613	0.9696343160863605
0.9748743718592965	0.9748743718592965	0.9711837911686763
0.9761306532663316	0.9761306532663316	0.9730055830409585
0.9773869346733668	0.9773869346733668	0.9741529160833647
0.9786432160804021	0.9786432160804021	0.9743010443728167
0.9798994974874372	0.9798994974874372	0.9760782746506215
0.9811557788944724	0.9811557788944724	0.976992206382523
0.9824120603015075	0.9824120603015075	0.9790014077751209
0.9836683417085427	0.9836683417085427	0.9810037911873327
0.9849246231155779	0.9849246231155779	0.9822413953069244
0.9861809045226131	0.9861809045226131	0.9844268426652528
0.9874371859296482	0.9874371859296482	0.9845182987404232
0.9886934673366834	0.9886934673366834	0.9866839457235942
0.9899497487437185	0.9899497487437185	0.9880181479311805
0.9912060301507538	0.9912060301507538	0.990022449582284
0.992462311557789	0.992462311557789	0.9919359858225474
0.9937185929648241	0.9937185929648241	0.9943970169376333
0.9949748743718593	0.9949748743718593	0.9951898963915692
0.9962311557788944	0.9962311557788944	0.9955184635442119
0.9974874371859297	0.9974874371859297	0.9992062988103739
0.9987437185929648	0.9987437185929648	0.9997415422021037
Data type = PROTEIN
Expected	Expected	Observed
0.0	0.0	0.0715297786102391
0.2	0.2	0.30757455463003724
0.4	0.4	0.37302673392298424
0.6	0.6	0.86015155584813
0.8	0.8	0.8734793728574775