Pool proteomics = false

Data type = PHOSPHOPROTEIN
Expected	Expected	Observed
0.0	0.0	3.832024449767839E-8
0.001256281407035176	0.001256281407035176	3.561242762460739E-6
0.002512562814070352	0.002512562814070352	2.8877389370656108E-5
0.0037688442211055275	0.0037688442211055275	5.543677964105053E-5
0.005025125628140704	0.005025125628140704	5.5738179093442856E-5
0.00628140703517588	0.00628140703517588	1.0373525598428201E-4
0.007537688442211055	0.007537688442211055	1.1455629755087323E-4
0.008793969849246231	0.008793969849246231	2.021504966141798E-4
0.010050251256281407	0.010050251256281407	3.0277900662219556E-4
0.011306532663316583	0.011306532663316583	3.209246926286411E-4
0.01256281407035176	0.01256281407035176	3.2429991036495964E-4
0.013819095477386936	0.013819095477386936	3.362571935306694E-4
0.01507537688442211	0.01507537688442211	3.5571944958000246E-4
0.016331658291457288	0.016331658291457288	4.3360681461628595E-4
0.017587939698492462	0.017587939698492462	6.036371809800646E-4
0.018844221105527637	0.018844221105527637	6.866115723197572E-4
0.020100502512562814	0.020100502512562814	7.339546072139754E-4
0.02135678391959799	0.02135678391959799	8.464438755138473E-4
0.022613065326633167	0.022613065326633167	9.04200739911784E-4
0.02386934673366834	0.02386934673366834	9.68257129686397E-4
0.02512562814070352	0.02512562814070352	0.0010030392833951267
0.026381909547738693	0.026381909547738693	0.0010584808286203573
0.02763819095477387	0.02763819095477387	0.0010929287508230406
0.028894472361809045	0.028894472361809045	0.0011722479240849242
0.03015075376884422	0.03015075376884422	0.0014609303090666983
0.031407035175879394	0.031407035175879394	0.0014915855691292634
0.032663316582914576	0.032663316582914576	0.0015829143412378866
0.03391959798994975	0.03391959798994975	0.0016508265397000882
0.035175879396984924	0.035175879396984924	0.0018528298170287975
0.0364321608040201	0.0364321608040201	0.002091592709185177
0.03768844221105527	0.03768844221105527	0.0021244023271037014
0.038944723618090454	0.038944723618090454	0.0022600398975608136
0.04020100502512563	0.04020100502512563	0.00228825581071944
0.0414572864321608	0.0414572864321608	0.0023461126802610294
0.04271356783919598	0.04271356783919598	0.002373135240461922
0.04396984924623116	0.04396984924623116	0.0025689440230821374
0.04522613065326633	0.04522613065326633	0.0026572505396235953
0.04648241206030151	0.04648241206030151	0.0026644553320959697
0.04773869346733668	0.04773869346733668	0.002710546818677234
0.048994974874371856	0.048994974874371856	0.0028363982362800424
0.05025125628140704	0.05025125628140704	0.0029021511218004083
0.05150753768844221	0.05150753768844221	0.0029988016301139733
0.052763819095477386	0.052763819095477386	0.0030028634086843174
0.05402010050251256	0.05402010050251256	0.0030910337947690266
0.05527638190954774	0.05527638190954774	0.0033115282851441112
0.056532663316582916	0.056532663316582916	0.003387646816027933
0.05778894472361809	0.05778894472361809	0.0034761723711717227
0.059045226130653265	0.059045226130653265	0.003631880466354814
0.06030150753768844	0.06030150753768844	0.003657667509556487
0.06155778894472362	0.06155778894472362	0.003674986593251481
0.06281407035175879	0.06281407035175879	0.00391986678979031
0.06407035175879397	0.06407035175879397	0.003990298239226774
0.06532663316582915	0.06532663316582915	0.004001685247094587
0.06658291457286432	0.06658291457286432	0.004144167597166619
0.0678391959798995	0.0678391959798995	0.0043711348008914136
0.06909547738693467	0.06909547738693467	0.0045831433127947714
0.07035175879396985	0.07035175879396985	0.004631390755714418
0.07160804020100503	0.07160804020100503	0.004767454236210643
0.0728643216080402	0.0728643216080402	0.005223348420914861
0.07412060301507538	0.07412060301507538	0.005476348226720098
0.07537688442211055	0.07537688442211055	0.0055124724058841345
0.07663316582914573	0.07663316582914573	0.005547412505427543
0.07788944723618091	0.07788944723618091	0.005667176819991572
0.07914572864321608	0.07914572864321608	0.005714563074616538
0.08040201005025126	0.08040201005025126	0.005793978708520718
0.08165829145728644	0.08165829145728644	0.005819486491195647
0.0829145728643216	0.0829145728643216	0.005978391240716647
0.08417085427135679	0.08417085427135679	0.00626074495479535
0.08542713567839195	0.08542713567839195	0.006772923736178676
0.08668341708542714	0.08668341708542714	0.006859658428677071
0.08793969849246232	0.08793969849246232	0.007013507874158413
0.08919597989949749	0.08919597989949749	0.007180613143065503
0.09045226130653267	0.09045226130653267	0.0073751523987094034
0.09170854271356783	0.09170854271356783	0.007785358780649461
0.09296482412060302	0.09296482412060302	0.007805851276744195
0.0942211055276382	0.0942211055276382	0.00830791185092337
0.09547738693467336	0.09547738693467336	0.008377768884073598
0.09673366834170855	0.09673366834170855	0.008539610315356065
0.09798994974874371	0.09798994974874371	0.00856290440549874
0.0992462311557789	0.0992462311557789	0.00875379435264951
0.10050251256281408	0.10050251256281408	0.009884669911049082
0.10175879396984924	0.10175879396984924	0.009919618115051944
0.10301507537688442	0.10301507537688442	0.010037528091667164
0.10427135678391959	0.10427135678391959	0.010110324245085543
0.10552763819095477	0.10552763819095477	0.010189972964832678
0.10678391959798995	0.10678391959798995	0.010225643592653079
0.10804020100502512	0.10804020100502512	0.010333327370542994
0.1092964824120603	0.1092964824120603	0.010566929083844767
0.11055276381909548	0.11055276381909548	0.010639829439952352
0.11180904522613065	0.11180904522613065	0.010674448208127452
0.11306532663316583	0.11306532663316583	0.010886457635312909
0.114321608040201	0.114321608040201	0.011049779893959288
0.11557788944723618	0.11557788944723618	0.011244820311019874
0.11683417085427136	0.11683417085427136	0.011481952536172456
0.11809045226130653	0.11809045226130653	0.01160162573215473
0.11934673366834171	0.11934673366834171	0.011896137724249838
0.12060301507537688	0.12060301507537688	0.012644805586131487
0.12185929648241206	0.12185929648241206	0.012775828739079459
0.12311557788944724	0.12311557788944724	0.01286234601785283
0.12437185929648241	0.12437185929648241	0.012923977824242788
0.12562814070351758	0.12562814070351758	0.013750296049096725
0.12688442211055276	0.12688442211055276	0.013791808086231412
0.12814070351758794	0.12814070351758794	0.01391322844397341
0.12939698492462312	0.12939698492462312	0.01433221565387092
0.1306532663316583	0.1306532663316583	0.014424437879083917
0.13190954773869346	0.13190954773869346	0.014437729009926051
0.13316582914572864	0.13316582914572864	0.014668099762452789
0.13442211055276382	0.13442211055276382	0.015091560953597294
0.135678391959799	0.135678391959799	0.015622959823476687
0.13693467336683418	0.13693467336683418	0.01620963285116938
0.13819095477386933	0.13819095477386933	0.01658136263204922
0.13944723618090452	0.13944723618090452	0.016628938862687136
0.1407035175879397	0.1407035175879397	0.01674035791179455
0.14195979899497488	0.14195979899497488	0.016784205918153116
0.14321608040201006	0.14321608040201006	0.016868085914281152
0.1444723618090452	0.1444723618090452	0.017055287101196474
0.1457286432160804	0.1457286432160804	0.017445100099196805
0.14698492462311558	0.14698492462311558	0.01784529300923026
0.14824120603015076	0.14824120603015076	0.019077767796482573
0.14949748743718594	0.14949748743718594	0.01990725484389494
0.1507537688442211	0.1507537688442211	0.02000717385009846
0.15201005025125627	0.15201005025125627	0.020317629261320646
0.15326633165829145	0.15326633165829145	0.020383941770041197
0.15452261306532664	0.15452261306532664	0.020524133155117526
0.15577889447236182	0.15577889447236182	0.021080068834539077
0.157035175879397	0.157035175879397	0.021657290212602553
0.15829145728643215	0.15829145728643215	0.021708891995052215
0.15954773869346733	0.15954773869346733	0.02198266305614947
0.16080402010050251	0.16080402010050251	0.02225405825463834
0.1620603015075377	0.1620603015075377	0.02235444577068043
0.16331658291457288	0.16331658291457288	0.023313102717493518
0.16457286432160803	0.16457286432160803	0.023851198692523994
0.1658291457286432	0.1658291457286432	0.02442522022296175
0.1670854271356784	0.1670854271356784	0.02477216208632187
0.16834170854271358	0.16834170854271358	0.02498098868104304
0.16959798994974876	0.16959798994974876	0.025116974999767856
0.1708542713567839	0.1708542713567839	0.025694742660926244
0.1721105527638191	0.1721105527638191	0.02609388312400885
0.17336683417085427	0.17336683417085427	0.026779024988128293
0.17462311557788945	0.17462311557788945	0.02705373056257645
0.17587939698492464	0.17587939698492464	0.027822777193048567
0.1771356783919598	0.1771356783919598	0.028017888848815554
0.17839195979899497	0.17839195979899497	0.02837934336513833
0.17964824120603015	0.17964824120603015	0.02885501872834838
0.18090452261306533	0.18090452261306533	0.031051795191644273
0.18216080402010051	0.18216080402010051	0.03134167583951492
0.18341708542713567	0.18341708542713567	0.03186058673814441
0.18467336683417085	0.18467336683417085	0.032208704857385737
0.18592964824120603	0.18592964824120603	0.03250604497842764
0.1871859296482412	0.1871859296482412	0.03252541161383318
0.1884422110552764	0.1884422110552764	0.03263005924698892
0.18969849246231155	0.18969849246231155	0.03333971637027593
0.19095477386934673	0.19095477386934673	0.033407740770456065
0.1922110552763819	0.1922110552763819	0.03341239867358312
0.1934673366834171	0.1934673366834171	0.034260144125862965
0.19472361809045227	0.19472361809045227	0.03432224577182263
0.19597989949748743	0.19597989949748743	0.034782567669120426
0.1972361809045226	0.1972361809045226	0.03522140121626479
0.1984924623115578	0.1984924623115578	0.03655017248610547
0.19974874371859297	0.19974874371859297	0.036576648904015144
0.20100502512562815	0.20100502512562815	0.03669751566011175
0.2022613065326633	0.2022613065326633	0.03710579997446863
0.20351758793969849	0.20351758793969849	0.03715013732236688
0.20477386934673367	0.20477386934673367	0.037221782618026084
0.20603015075376885	0.20603015075376885	0.037800134692119076
0.20728643216080403	0.20728643216080403	0.03785164742515811
0.20854271356783918	0.20854271356783918	0.03785523488565356
0.20979899497487436	0.20979899497487436	0.03797118495133308
0.21105527638190955	0.21105527638190955	0.037994006398920276
0.21231155778894473	0.21231155778894473	0.03810654587229931
0.2135678391959799	0.2135678391959799	0.0381227205662083
0.21482412060301506	0.21482412060301506	0.038813574365410664
0.21608040201005024	0.21608040201005024	0.03907198363671875
0.21733668341708542	0.21733668341708542	0.03939477828154421
0.2185929648241206	0.2185929648241206	0.03942745523838645
0.2198492462311558	0.2198492462311558	0.03962028806621711
0.22110552763819097	0.22110552763819097	0.04061160590321095
0.22236180904522612	0.22236180904522612	0.0408893677502914
0.2236180904522613	0.2236180904522613	0.04113457649526722
0.22487437185929648	0.22487437185929648	0.043729374410190466
0.22613065326633167	0.22613065326633167	0.04504394795691611
0.22738693467336685	0.22738693467336685	0.04546441251176787
0.228643216080402	0.228643216080402	0.045769727153441964
0.22989949748743718	0.22989949748743718	0.04637545710679782
0.23115577889447236	0.23115577889447236	0.04780159384718063
0.23241206030150754	0.23241206030150754	0.04788551972422478
0.23366834170854273	0.23366834170854273	0.04820142169902055
0.23492462311557788	0.23492462311557788	0.04859622867638866
0.23618090452261306	0.23618090452261306	0.04861738667751802
0.23743718592964824	0.23743718592964824	0.04960512391522006
0.23869346733668342	0.23869346733668342	0.05068786190847838
0.2399497487437186	0.2399497487437186	0.05085093738613067
0.24120603015075376	0.24120603015075376	0.05119571137392637
0.24246231155778894	0.24246231155778894	0.05131615678399732
0.24371859296482412	0.24371859296482412	0.051395563075487045
0.2449748743718593	0.2449748743718593	0.05161360793301235
0.24623115577889448	0.24623115577889448	0.052716016283723285
0.24748743718592964	0.24748743718592964	0.055161791618268244
0.24874371859296482	0.24874371859296482	0.0553813417747139
0.25	0.25	0.05558970341173995
0.25125628140703515	0.25125628140703515	0.055878590418374174
0.25251256281407036	0.25251256281407036	0.05732094151117248
0.2537688442211055	0.2537688442211055	0.058036467092573624
0.2550251256281407	0.2550251256281407	0.058070556768942794
0.2562814070351759	0.2562814070351759	0.05921703299644324
0.25753768844221103	0.25753768844221103	0.05925663861263155
0.25879396984924624	0.25879396984924624	0.059745120021473606
0.2600502512562814	0.2600502512562814	0.05978014134065035
0.2613065326633166	0.2613065326633166	0.06016104367415542
0.26256281407035176	0.26256281407035176	0.06083534188819945
0.2638190954773869	0.2638190954773869	0.06316548153803814
0.2650753768844221	0.2650753768844221	0.06503166296630192
0.2663316582914573	0.2663316582914573	0.06576845787582725
0.2675879396984925	0.2675879396984925	0.06590163143324519
0.26884422110552764	0.26884422110552764	0.06630572546890459
0.2701005025125628	0.2701005025125628	0.06657379519461527
0.271356783919598	0.271356783919598	0.06666937788061955
0.27261306532663315	0.27261306532663315	0.06683728422088588
0.27386934673366836	0.27386934673366836	0.0674344737835448
0.2751256281407035	0.2751256281407035	0.06756237875553459
0.27638190954773867	0.27638190954773867	0.06780313285430266
0.2776381909547739	0.2776381909547739	0.06803817772735517
0.27889447236180903	0.27889447236180903	0.07154690800223502
0.28015075376884424	0.28015075376884424	0.0717349185175582
0.2814070351758794	0.2814070351758794	0.0726119052096793
0.28266331658291455	0.28266331658291455	0.07344013783619373
0.28391959798994976	0.28391959798994976	0.07365720991653983
0.2851758793969849	0.2851758793969849	0.07374410871722382
0.2864321608040201	0.2864321608040201	0.07413761083048875
0.2876884422110553	0.2876884422110553	0.07440365427515384
0.2889447236180904	0.2889447236180904	0.07452998856054227
0.29020100502512564	0.29020100502512564	0.07464666577913781
0.2914572864321608	0.2914572864321608	0.07528204947474022
0.292713567839196	0.292713567839196	0.07555550018006925
0.29396984924623115	0.29396984924623115	0.07687896746634242
0.2952261306532663	0.2952261306532663	0.07706694016915451
0.2964824120603015	0.2964824120603015	0.07739220009111411
0.29773869346733667	0.29773869346733667	0.07758132009600956
0.2989949748743719	0.2989949748743719	0.07790553475726637
0.30025125628140703	0.30025125628140703	0.0781688743997526
0.3015075376884422	0.3015075376884422	0.08015812391064168
0.3027638190954774	0.3027638190954774	0.08028365009375964
0.30402010050251255	0.30402010050251255	0.08038927169843094
0.30527638190954776	0.30527638190954776	0.08269583792173396
0.3065326633165829	0.3065326633165829	0.08426330293675166
0.30778894472361806	0.30778894472361806	0.08449383418060728
0.30904522613065327	0.30904522613065327	0.08531971313046344
0.3103015075376884	0.3103015075376884	0.0855128768347513
0.31155778894472363	0.31155778894472363	0.08764049757266469
0.3128140703517588	0.3128140703517588	0.0887579314035115
0.314070351758794	0.314070351758794	0.08917724451343388
0.31532663316582915	0.31532663316582915	0.09014195116200024
0.3165829145728643	0.3165829145728643	0.09096427243993338
0.3178391959798995	0.3178391959798995	0.09119017388272038
0.31909547738693467	0.31909547738693467	0.09133464390588403
0.3203517587939699	0.3203517587939699	0.09219508128106438
0.32160804020100503	0.32160804020100503	0.09289997981508313
0.3228643216080402	0.3228643216080402	0.09312110308617343
0.3241206030150754	0.3241206030150754	0.09350330843863039
0.32537688442211055	0.32537688442211055	0.09675522932364607
0.32663316582914576	0.32663316582914576	0.09727512859934402
0.3278894472361809	0.3278894472361809	0.09779340421396522
0.32914572864321606	0.32914572864321606	0.09977824006284285
0.33040201005025127	0.33040201005025127	0.10069105200801848
0.3316582914572864	0.3316582914572864	0.10085095067714803
0.33291457286432163	0.33291457286432163	0.1010024553498759
0.3341708542713568	0.3341708542713568	0.10211465807016014
0.33542713567839194	0.33542713567839194	0.1021527716380781
0.33668341708542715	0.33668341708542715	0.10229852275388353
0.3379396984924623	0.3379396984924623	0.10274153147629679
0.3391959798994975	0.3391959798994975	0.10350796636072554
0.34045226130653267	0.34045226130653267	0.10382775792868629
0.3417085427135678	0.3417085427135678	0.10405386726418132
0.34296482412060303	0.34296482412060303	0.10449737715070485
0.3442211055276382	0.3442211055276382	0.10466508691187926
0.3454773869346734	0.3454773869346734	0.10473122587331019
0.34673366834170855	0.34673366834170855	0.10581917725029404
0.3479899497487437	0.3479899497487437	0.10749635741318701
0.3492462311557789	0.3492462311557789	0.1080861567034159
0.35050251256281406	0.35050251256281406	0.10880869555931995
0.35175879396984927	0.35175879396984927	0.11116702036073445
0.3530150753768844	0.3530150753768844	0.11135818460576376
0.3542713567839196	0.3542713567839196	0.11470697347335229
0.3555276381909548	0.3555276381909548	0.11545836018505186
0.35678391959798994	0.35678391959798994	0.11833622686047544
0.35804020100502515	0.35804020100502515	0.11837142866853381
0.3592964824120603	0.3592964824120603	0.11837167826751317
0.36055276381909546	0.36055276381909546	0.12206571696166137
0.36180904522613067	0.36180904522613067	0.12244352593484027
0.3630653266331658	0.3630653266331658	0.1236784485970304
0.36432160804020103	0.36432160804020103	0.12476376438026758
0.3655778894472362	0.3655778894472362	0.1251737045828132
0.36683417085427134	0.36683417085427134	0.12673574769135643
0.36809045226130654	0.36809045226130654	0.12799381277583963
0.3693467336683417	0.3693467336683417	0.12821290306652533
0.3706030150753769	0.3706030150753769	0.12909753413210223
0.37185929648241206	0.37185929648241206	0.1302636228585601
0.3731155778894472	0.3731155778894472	0.1306949162967856
0.3743718592964824	0.3743718592964824	0.13154870024045537
0.3756281407035176	0.3756281407035176	0.13320185752803815
0.3768844221105528	0.3768844221105528	0.13333094770289816
0.37814070351758794	0.37814070351758794	0.13429707341458347
0.3793969849246231	0.3793969849246231	0.13458656462645235
0.3806532663316583	0.3806532663316583	0.13572007907927852
0.38190954773869346	0.38190954773869346	0.13808612700889253
0.38316582914572866	0.38316582914572866	0.13824329398321938
0.3844221105527638	0.3844221105527638	0.13862387849005608
0.38567839195979897	0.38567839195979897	0.139047657439866
0.3869346733668342	0.3869346733668342	0.13922406001069576
0.38819095477386933	0.38819095477386933	0.13987151096279637
0.38944723618090454	0.38944723618090454	0.14138974916523145
0.3907035175879397	0.3907035175879397	0.14153204509015338
0.39195979899497485	0.39195979899497485	0.1426592697256687
0.39321608040201006	0.39321608040201006	0.1427843858924075
0.3944723618090452	0.3944723618090452	0.1431016628470818
0.3957286432160804	0.3957286432160804	0.1437000429039239
0.3969849246231156	0.3969849246231156	0.14462709938495985
0.39824120603015073	0.39824120603015073	0.14469494980312939
0.39949748743718594	0.39949748743718594	0.14485327299430958
0.4007537688442211	0.4007537688442211	0.14844513319465424
0.4020100502512563	0.4020100502512563	0.1526897397480289
0.40326633165829145	0.40326633165829145	0.1566297824608077
0.4045226130653266	0.4045226130653266	0.15669383761984113
0.4057788944723618	0.4057788944723618	0.15738324802899187
0.40703517587939697	0.40703517587939697	0.15768728103004354
0.4082914572864322	0.4082914572864322	0.15904234516138394
0.40954773869346733	0.40954773869346733	0.15931998625205113
0.4108040201005025	0.4108040201005025	0.15992512589509397
0.4120603015075377	0.4120603015075377	0.16118034426428088
0.41331658291457285	0.41331658291457285	0.16183869280967256
0.41457286432160806	0.41457286432160806	0.16271824601859008
0.4158291457286432	0.4158291457286432	0.1634160232028503
0.41708542713567837	0.41708542713567837	0.1640630534654659
0.4183417085427136	0.4183417085427136	0.16437588035699957
0.41959798994974873	0.41959798994974873	0.16453916950533398
0.42085427135678394	0.42085427135678394	0.16688247491710928
0.4221105527638191	0.4221105527638191	0.16694143902159597
0.42336683417085424	0.42336683417085424	0.16754888692420375
0.42462311557788945	0.42462311557788945	0.16782704729798734
0.4258793969849246	0.4258793969849246	0.16994867308293593
0.4271356783919598	0.4271356783919598	0.17053236230030056
0.42839195979899497	0.42839195979899497	0.1717621531574458
0.4296482412060301	0.4296482412060301	0.17198039099969223
0.43090452261306533	0.43090452261306533	0.17285249581463757
0.4321608040201005	0.4321608040201005	0.17456500501477207
0.4334170854271357	0.4334170854271357	0.1772616728738049
0.43467336683417085	0.43467336683417085	0.17870111335085437
0.435929648241206	0.435929648241206	0.1789285526345259
0.4371859296482412	0.4371859296482412	0.17916976686891092
0.43844221105527637	0.43844221105527637	0.17920187368774443
0.4396984924623116	0.4396984924623116	0.17940120034723706
0.44095477386934673	0.44095477386934673	0.18340492773468886
0.44221105527638194	0.44221105527638194	0.18410555310926902
0.4434673366834171	0.4434673366834171	0.18491714255907254
0.44472361809045224	0.44472361809045224	0.18563965704833585
0.44597989949748745	0.44597989949748745	0.18604660107592563
0.4472361809045226	0.4472361809045226	0.18852581897353574
0.4484924623115578	0.4484924623115578	0.19015494172790232
0.44974874371859297	0.44974874371859297	0.191257447038234
0.4510050251256281	0.4510050251256281	0.19163928611783787
0.45226130653266333	0.45226130653266333	0.19379376241918445
0.4535175879396985	0.4535175879396985	0.19416731050905514
0.4547738693467337	0.4547738693467337	0.1956112501269127
0.45603015075376885	0.45603015075376885	0.1971367789499805
0.457286432160804	0.457286432160804	0.19763946603949123
0.4585427135678392	0.4585427135678392	0.1987114810924393
0.45979899497487436	0.45979899497487436	0.2008890306980643
0.4610552763819096	0.4610552763819096	0.20098279274644182
0.4623115577889447	0.4623115577889447	0.20149352580056668
0.4635678391959799	0.4635678391959799	0.20205824934885197
0.4648241206030151	0.4648241206030151	0.2028773536877636
0.46608040201005024	0.46608040201005024	0.20308008726136906
0.46733668341708545	0.46733668341708545	0.2040133796393595
0.4685929648241206	0.4685929648241206	0.2042828038034803
0.46984924623115576	0.46984924623115576	0.20705446753542966
0.47110552763819097	0.47110552763819097	0.20836516806733385
0.4723618090452261	0.4723618090452261	0.2105674169043994
0.47361809045226133	0.47361809045226133	0.2110975976860871
0.4748743718592965	0.4748743718592965	0.21133430591793656
0.47613065326633164	0.47613065326633164	0.212078696133559
0.47738693467336685	0.47738693467336685	0.21217612804859176
0.478643216080402	0.478643216080402	0.2123203169955027
0.4798994974874372	0.4798994974874372	0.21390465625494803
0.48115577889447236	0.48115577889447236	0.21396785537387297
0.4824120603015075	0.4824120603015075	0.21481772793444365
0.4836683417085427	0.4836683417085427	0.21497887850661054
0.4849246231155779	0.4849246231155779	0.21679747748611466
0.4861809045226131	0.4861809045226131	0.2168761301839348
0.48743718592964824	0.48743718592964824	0.21769233645468977
0.4886934673366834	0.4886934673366834	0.22021021602722257
0.4899497487437186	0.4899497487437186	0.22543121333760452
0.49120603015075376	0.49120603015075376	0.22820254720783573
0.49246231155778897	0.49246231155778897	0.23012363452799456
0.4937185929648241	0.4937185929648241	0.23046810874729984
0.4949748743718593	0.4949748743718593	0.23169709143602302
0.4962311557788945	0.4962311557788945	0.2327305253691514
0.49748743718592964	0.49748743718592964	0.2344000801380448
0.49874371859296485	0.49874371859296485	0.23441745669754044
0.5	0.5	0.23870295020242782
0.5012562814070352	0.5012562814070352	0.23952205035698163
0.5025125628140703	0.5025125628140703	0.24583691498043236
0.5037688442211056	0.5037688442211056	0.24593029659291488
0.5050251256281407	0.5050251256281407	0.24633546240108417
0.5062814070351759	0.5062814070351759	0.24759691727960748
0.507537688442211	0.507537688442211	0.25158890870080525
0.5087939698492462	0.5087939698492462	0.25232443002650207
0.5100502512562815	0.5100502512562815	0.2529586557893354
0.5113065326633166	0.5113065326633166	0.2529875580892972
0.5125628140703518	0.5125628140703518	0.2560294924075839
0.5138190954773869	0.5138190954773869	0.2571289447892482
0.5150753768844221	0.5150753768844221	0.2581169451612561
0.5163316582914573	0.5163316582914573	0.2590663910739732
0.5175879396984925	0.5175879396984925	0.2592188276434516
0.5188442211055276	0.5188442211055276	0.2605313896142477
0.5201005025125628	0.5201005025125628	0.26062999006408605
0.5213567839195979	0.5213567839195979	0.2617154182048623
0.5226130653266332	0.5226130653266332	0.2624539108744307
0.5238693467336684	0.5238693467336684	0.2657627354560923
0.5251256281407035	0.5251256281407035	0.268010395193298
0.5263819095477387	0.5263819095477387	0.2705319770706611
0.5276381909547738	0.5276381909547738	0.2716339006473394
0.5288944723618091	0.5288944723618091	0.27195375334045
0.5301507537688442	0.5301507537688442	0.27756262430937517
0.5314070351758794	0.5314070351758794	0.28106897154194643
0.5326633165829145	0.5326633165829145	0.28605166048116437
0.5339195979899497	0.5339195979899497	0.2867793574211378
0.535175879396985	0.535175879396985	0.2877038745875756
0.5364321608040201	0.5364321608040201	0.28819267348409316
0.5376884422110553	0.5376884422110553	0.28851135003700235
0.5389447236180904	0.5389447236180904	0.2891003903351208
0.5402010050251256	0.5402010050251256	0.29255017360485636
0.5414572864321608	0.5414572864321608	0.2968408221285429
0.542713567839196	0.542713567839196	0.2973286247430399
0.5439698492462312	0.5439698492462312	0.2982142879511511
0.5452261306532663	0.5452261306532663	0.29947147773571015
0.5464824120603015	0.5464824120603015	0.29963020771623206
0.5477386934673367	0.5477386934673367	0.30052852479417425
0.5489949748743719	0.5489949748743719	0.3007970221453693
0.550251256281407	0.550251256281407	0.30425550403628554
0.5515075376884422	0.5515075376884422	0.30431053346228
0.5527638190954773	0.5527638190954773	0.30847061799965547
0.5540201005025126	0.5540201005025126	0.3098821669489701
0.5552763819095478	0.5552763819095478	0.310342628324746
0.5565326633165829	0.5565326633165829	0.31162643016829306
0.5577889447236181	0.5577889447236181	0.3122903332363436
0.5590452261306532	0.5590452261306532	0.3129733196453023
0.5603015075376885	0.5603015075376885	0.314590136161478
0.5615577889447236	0.5615577889447236	0.31572125975467735
0.5628140703517588	0.5628140703517588	0.3165681393882356
0.5640703517587939	0.5640703517587939	0.31962698153764124
0.5653266331658291	0.5653266331658291	0.31984608230590383
0.5665829145728644	0.5665829145728644	0.3209020609891463
0.5678391959798995	0.5678391959798995	0.32230145973949664
0.5690954773869347	0.5690954773869347	0.3224901259831079
0.5703517587939698	0.5703517587939698	0.3225415616235696
0.571608040201005	0.571608040201005	0.3225818764078846
0.5728643216080402	0.5728643216080402	0.3232674622172186
0.5741206030150754	0.5741206030150754	0.3233152265058503
0.5753768844221105	0.5753768844221105	0.3237178903696305
0.5766331658291457	0.5766331658291457	0.3246449645019224
0.5778894472361809	0.5778894472361809	0.3256973872863773
0.5791457286432161	0.5791457286432161	0.32703801207048144
0.5804020100502513	0.5804020100502513	0.32873025960255864
0.5816582914572864	0.5816582914572864	0.32873400418324195
0.5829145728643216	0.5829145728643216	0.3303881768899378
0.5841708542713567	0.5841708542713567	0.3331360962140302
0.585427135678392	0.585427135678392	0.3331805000381608
0.5866834170854272	0.5866834170854272	0.33363884177041137
0.5879396984924623	0.5879396984924623	0.33782765417294525
0.5891959798994975	0.5891959798994975	0.34069219064647904
0.5904522613065326	0.5904522613065326	0.3407363882357528
0.5917085427135679	0.5917085427135679	0.34076099496686385
0.592964824120603	0.592964824120603	0.3421210170118426
0.5942211055276382	0.5942211055276382	0.3423428815173928
0.5954773869346733	0.5954773869346733	0.3442913300787426
0.5967336683417085	0.5967336683417085	0.34446612001595456
0.5979899497487438	0.5979899497487438	0.3515373842757886
0.5992462311557789	0.5992462311557789	0.3515817584427753
0.6005025125628141	0.6005025125628141	0.3521653353129435
0.6017587939698492	0.6017587939698492	0.353870437362244
0.6030150753768844	0.6030150753768844	0.3542746153933999
0.6042713567839196	0.6042713567839196	0.35667823727929504
0.6055276381909548	0.6055276381909548	0.35695871719272354
0.6067839195979899	0.6067839195979899	0.35888846658734264
0.6080402010050251	0.6080402010050251	0.3592295500915952
0.6092964824120602	0.6092964824120602	0.3600356739863745
0.6105527638190955	0.6105527638190955	0.36084544172977373
0.6118090452261307	0.6118090452261307	0.3651147648456313
0.6130653266331658	0.6130653266331658	0.3662116061038655
0.614321608040201	0.614321608040201	0.36785118895074254
0.6155778894472361	0.6155778894472361	0.3679991863821055
0.6168341708542714	0.6168341708542714	0.3690188581767009
0.6180904522613065	0.6180904522613065	0.3699112299689702
0.6193467336683417	0.6193467336683417	0.37634439559212285
0.6206030150753769	0.6206030150753769	0.3777675401740659
0.621859296482412	0.621859296482412	0.3793970239217478
0.6231155778894473	0.6231155778894473	0.37960800474736744
0.6243718592964824	0.6243718592964824	0.38028017529578184
0.6256281407035176	0.6256281407035176	0.38199199567237474
0.6268844221105527	0.6268844221105527	0.38423227566825924
0.628140703517588	0.628140703517588	0.38987560949692446
0.6293969849246231	0.6293969849246231	0.38993417888513193
0.6306532663316583	0.6306532663316583	0.3909185033436381
0.6319095477386935	0.6319095477386935	0.39235801830218464
0.6331658291457286	0.6331658291457286	0.3988693037101748
0.6344221105527639	0.6344221105527639	0.4009272295617887
0.635678391959799	0.635678391959799	0.4026304582955448
0.6369346733668342	0.6369346733668342	0.40557780655505526
0.6381909547738693	0.6381909547738693	0.40644137756221843
0.6394472361809045	0.6394472361809045	0.40708046986698165
0.6407035175879398	0.6407035175879398	0.41048368566356674
0.6419597989949749	0.6419597989949749	0.41059521609730365
0.6432160804020101	0.6432160804020101	0.41135202086844125
0.6444723618090452	0.6444723618090452	0.41756462249246573
0.6457286432160804	0.6457286432160804	0.42275694603285596
0.6469849246231156	0.6469849246231156	0.4241596884466904
0.6482412060301508	0.6482412060301508	0.42533028649344196
0.6494974874371859	0.6494974874371859	0.42674848141602806
0.6507537688442211	0.6507537688442211	0.42788053125925873
0.6520100502512562	0.6520100502512562	0.42798462961787365
0.6532663316582915	0.6532663316582915	0.42804720935983753
0.6545226130653267	0.6545226130653267	0.42912988430783483
0.6557788944723618	0.6557788944723618	0.43077648015118486
0.657035175879397	0.657035175879397	0.43169910840970893
0.6582914572864321	0.6582914572864321	0.43495532932808156
0.6595477386934674	0.6595477386934674	0.4350707093316145
0.6608040201005025	0.6608040201005025	0.43696516464433544
0.6620603015075377	0.6620603015075377	0.43773067717109393
0.6633165829145728	0.6633165829145728	0.4377613544224511
0.664572864321608	0.664572864321608	0.4387635542725805
0.6658291457286433	0.6658291457286433	0.4471532162933447
0.6670854271356784	0.6670854271356784	0.44844116240601994
0.6683417085427136	0.6683417085427136	0.45075863417163475
0.6695979899497487	0.6695979899497487	0.45331536239302606
0.6708542713567839	0.6708542713567839	0.45339714497374106
0.6721105527638191	0.6721105527638191	0.45402723581379323
0.6733668341708543	0.6733668341708543	0.4580408589282602
0.6746231155778895	0.6746231155778895	0.45951940911043043
0.6758793969849246	0.6758793969849246	0.46032598938355107
0.6771356783919598	0.6771356783919598	0.46148409212726094
0.678391959798995	0.678391959798995	0.46190521397120354
0.6796482412060302	0.6796482412060302	0.4634933659541367
0.6809045226130653	0.6809045226130653	0.46853635081172096
0.6821608040201005	0.6821608040201005	0.4694965161584964
0.6834170854271356	0.6834170854271356	0.469610797023175
0.6846733668341709	0.6846733668341709	0.4706132506507902
0.6859296482412061	0.6859296482412061	0.47112045923606083
0.6871859296482412	0.6871859296482412	0.4743635829616458
0.6884422110552764	0.6884422110552764	0.474431174702165
0.6896984924623115	0.6896984924623115	0.47541097065700644
0.6909547738693468	0.6909547738693468	0.4758873785338702
0.6922110552763819	0.6922110552763819	0.47687408101488105
0.6934673366834171	0.6934673366834171	0.4813144444331088
0.6947236180904522	0.6947236180904522	0.4842988258874029
0.6959798994974874	0.6959798994974874	0.48461451838178615
0.6972361809045227	0.6972361809045227	0.4895527275834247
0.6984924623115578	0.6984924623115578	0.494454944658382
0.699748743718593	0.699748743718593	0.4951598494661955
0.7010050251256281	0.7010050251256281	0.49642860092977525
0.7022613065326633	0.7022613065326633	0.4969550962552566
0.7035175879396985	0.7035175879396985	0.49719644556556264
0.7047738693467337	0.7047738693467337	0.499334451590957
0.7060301507537688	0.7060301507537688	0.5006694778621745
0.707286432160804	0.707286432160804	0.5013578738679187
0.7085427135678392	0.7085427135678392	0.5018883333348265
0.7097989949748744	0.7097989949748744	0.5031565237338038
0.7110552763819096	0.7110552763819096	0.5038716232763805
0.7123115577889447	0.7123115577889447	0.5073545710395093
0.7135678391959799	0.7135678391959799	0.5099238286182228
0.714824120603015	0.714824120603015	0.5114167526898704
0.7160804020100503	0.7160804020100503	0.5130532697273378
0.7173366834170855	0.7173366834170855	0.515447125575233
0.7185929648241206	0.7185929648241206	0.5158329131372823
0.7198492462311558	0.7198492462311558	0.5185511251901482
0.7211055276381909	0.7211055276381909	0.5187978879583672
0.7223618090452262	0.7223618090452262	0.519064067136606
0.7236180904522613	0.7236180904522613	0.5236938521946886
0.7248743718592965	0.7248743718592965	0.5250167270360067
0.7261306532663316	0.7261306532663316	0.5251712287021884
0.7273869346733668	0.7273869346733668	0.5266947893967432
0.7286432160804021	0.7286432160804021	0.5303745429734636
0.7298994974874372	0.7298994974874372	0.5339041494063603
0.7311557788944724	0.7311557788944724	0.5426323708332367
0.7324120603015075	0.7324120603015075	0.5431237571891494
0.7336683417085427	0.7336683417085427	0.543269813172819
0.7349246231155779	0.7349246231155779	0.5464033364108426
0.7361809045226131	0.7361809045226131	0.5475173394223594
0.7374371859296482	0.7374371859296482	0.5485485904098044
0.7386934673366834	0.7386934673366834	0.5525687366424087
0.7399497487437185	0.7399497487437185	0.5549565165910517
0.7412060301507538	0.7412060301507538	0.5558042587764875
0.742462311557789	0.742462311557789	0.5607696472672856
0.7437185929648241	0.7437185929648241	0.5639907758871099
0.7449748743718593	0.7449748743718593	0.5656398120543564
0.7462311557788944	0.7462311557788944	0.5665324308050047
0.7474874371859297	0.7474874371859297	0.5702764683435972
0.7487437185929648	0.7487437185929648	0.5704201171216204
0.75	0.75	0.5731272413524253
0.7512562814070352	0.7512562814070352	0.573177420755997
0.7525125628140703	0.7525125628140703	0.574554216048541
0.7537688442211056	0.7537688442211056	0.575503505150856
0.7550251256281407	0.7550251256281407	0.5762641573575945
0.7562814070351759	0.7562814070351759	0.5771633069861355
0.757537688442211	0.757537688442211	0.5781995590230287
0.7587939698492462	0.7587939698492462	0.5797697699581015
0.7600502512562815	0.7600502512562815	0.5817173605688764
0.7613065326633166	0.7613065326633166	0.5864614604034223
0.7625628140703518	0.7625628140703518	0.588784629645525
0.7638190954773869	0.7638190954773869	0.5900384397897587
0.7650753768844221	0.7650753768844221	0.5910285849176968
0.7663316582914573	0.7663316582914573	0.5938569433515624
0.7675879396984925	0.7675879396984925	0.5941809199088759
0.7688442211055276	0.7688442211055276	0.595272784055617
0.7701005025125628	0.7701005025125628	0.5965197521635411
0.7713567839195979	0.7713567839195979	0.5979438614588282
0.7726130653266332	0.7726130653266332	0.5981600926850156
0.7738693467336684	0.7738693467336684	0.5993436603413811
0.7751256281407035	0.7751256281407035	0.6020890843100006
0.7763819095477387	0.7763819095477387	0.6042262493514269
0.7776381909547738	0.7776381909547738	0.6044599543317066
0.7788944723618091	0.7788944723618091	0.6048220451785844
0.7801507537688442	0.7801507537688442	0.6072030716668417
0.7814070351758794	0.7814070351758794	0.6089272614104859
0.7826633165829145	0.7826633165829145	0.6139836356633264
0.7839195979899497	0.7839195979899497	0.6162286419965437
0.785175879396985	0.785175879396985	0.6196359553252845
0.7864321608040201	0.7864321608040201	0.6199251887426098
0.7876884422110553	0.7876884422110553	0.6224036293116308
0.7889447236180904	0.7889447236180904	0.6237179129463626
0.7902010050251256	0.7902010050251256	0.6255559737487036
0.7914572864321608	0.7914572864321608	0.6271547632415304
0.792713567839196	0.792713567839196	0.6292398763553306
0.7939698492462312	0.7939698492462312	0.6332558659429971
0.7952261306532663	0.7952261306532663	0.6335791949502976
0.7964824120603015	0.7964824120603015	0.6344698815585632
0.7977386934673367	0.7977386934673367	0.6353576870637753
0.7989949748743719	0.7989949748743719	0.6374173776274603
0.800251256281407	0.800251256281407	0.6375419325007712
0.8015075376884422	0.8015075376884422	0.6406748552403405
0.8027638190954773	0.8027638190954773	0.6414317095848115
0.8040201005025126	0.8040201005025126	0.6423278765936709
0.8052763819095478	0.8052763819095478	0.6426326087315102
0.8065326633165829	0.8065326633165829	0.6428380563328335
0.8077889447236181	0.8077889447236181	0.6428841832878107
0.8090452261306532	0.8090452261306532	0.6438181971918427
0.8103015075376885	0.8103015075376885	0.6473774185118941
0.8115577889447236	0.8115577889447236	0.6550788152359923
0.8128140703517588	0.8128140703517588	0.6561777202687229
0.8140703517587939	0.8140703517587939	0.6568996677847035
0.8153266331658291	0.8153266331658291	0.6597920716554695
0.8165829145728644	0.8165829145728644	0.6603563556039074
0.8178391959798995	0.8178391959798995	0.6624835527906121
0.8190954773869347	0.8190954773869347	0.6653292826020325
0.8203517587939698	0.8203517587939698	0.6657906821310651
0.821608040201005	0.821608040201005	0.6704400716560605
0.8228643216080402	0.8228643216080402	0.6727129364882682
0.8241206030150754	0.8241206030150754	0.6825782338796177
0.8253768844221105	0.8253768844221105	0.6872772521490198
0.8266331658291457	0.8266331658291457	0.6873503561405401
0.8278894472361809	0.8278894472361809	0.6878576233130012
0.8291457286432161	0.8291457286432161	0.6936405410515623
0.8304020100502513	0.8304020100502513	0.6937902480413309
0.8316582914572864	0.8316582914572864	0.6963290308141297
0.8329145728643216	0.8329145728643216	0.7034141969773917
0.8341708542713567	0.8341708542713567	0.7040481559553609
0.835427135678392	0.835427135678392	0.7056856337486859
0.8366834170854272	0.8366834170854272	0.708156771846548
0.8379396984924623	0.8379396984924623	0.7099279627545709
0.8391959798994975	0.8391959798994975	0.7140047219233536
0.8404522613065326	0.8404522613065326	0.7148133148957114
0.8417085427135679	0.8417085427135679	0.71786822111458
0.842964824120603	0.842964824120603	0.7196034568434105
0.8442211055276382	0.8442211055276382	0.7254890017168991
0.8454773869346733	0.8454773869346733	0.725520864074082
0.8467336683417085	0.8467336683417085	0.7278091002290834
0.8479899497487438	0.8479899497487438	0.7309586261703512
0.8492462311557789	0.8492462311557789	0.7315662575413611
0.8505025125628141	0.8505025125628141	0.7316076535273333
0.8517587939698492	0.8517587939698492	0.7328457595587541
0.8530150753768844	0.8530150753768844	0.734369666782229
0.8542713567839196	0.8542713567839196	0.7424011943488643
0.8555276381909548	0.8555276381909548	0.7447375610940646
0.8567839195979899	0.8567839195979899	0.7450467135412269
0.8580402010050251	0.8580402010050251	0.7464973013128879
0.8592964824120602	0.8592964824120602	0.7531728127558226
0.8605527638190955	0.8605527638190955	0.7596477676224611
0.8618090452261307	0.8618090452261307	0.7611260568144641
0.8630653266331658	0.8630653266331658	0.7690084863092312
0.864321608040201	0.864321608040201	0.7712908993207175
0.8655778894472361	0.8655778894472361	0.7717368840697647
0.8668341708542714	0.8668341708542714	0.7776496035651022
0.8680904522613065	0.8680904522613065	0.7798992583584875
0.8693467336683417	0.8693467336683417	0.7819414871791102
0.8706030150753769	0.8706030150753769	0.7819987927320677
0.871859296482412	0.871859296482412	0.7845837765498341
0.8731155778894473	0.8731155778894473	0.7869510534920539
0.8743718592964824	0.8743718592964824	0.7946663993048135
0.8756281407035176	0.8756281407035176	0.7971714030923682
0.8768844221105527	0.8768844221105527	0.7976060353049678
0.878140703517588	0.878140703517588	0.8065130948057928
0.8793969849246231	0.8793969849246231	0.8066255310890441
0.8806532663316583	0.8806532663316583	0.8069662977938659
0.8819095477386935	0.8819095477386935	0.8090654254073759
0.8831658291457286	0.8831658291457286	0.8094938064576538
0.8844221105527639	0.8844221105527639	0.815108528451449
0.885678391959799	0.885678391959799	0.816429349829134
0.8869346733668342	0.8869346733668342	0.816503507732683
0.8881909547738693	0.8881909547738693	0.8181672600166545
0.8894472361809045	0.8894472361809045	0.8247712949753625
0.8907035175879398	0.8907035175879398	0.8249425452662733
0.8919597989949749	0.8919597989949749	0.826724489523642
0.8932160804020101	0.8932160804020101	0.8271965969594444
0.8944723618090452	0.8944723618090452	0.8280899615767507
0.8957286432160804	0.8957286432160804	0.829436642623349
0.8969849246231156	0.8969849246231156	0.829560753993168
0.8982412060301508	0.8982412060301508	0.8297013958751569
0.8994974874371859	0.8994974874371859	0.8306266470175864
0.9007537688442211	0.9007537688442211	0.8322030446839123
0.9020100502512562	0.9020100502512562	0.8369214032327191
0.9032663316582915	0.9032663316582915	0.8380575002598232
0.9045226130653267	0.9045226130653267	0.8397137746355569
0.9057788944723618	0.9057788944723618	0.8404729057030957
0.907035175879397	0.907035175879397	0.840697157258203
0.9082914572864321	0.9082914572864321	0.8463504221148104
0.9095477386934674	0.9095477386934674	0.8493807742002208
0.9108040201005025	0.9108040201005025	0.859499333939883
0.9120603015075377	0.9120603015075377	0.8676899662211878
0.9133165829145728	0.9133165829145728	0.8677749103840556
0.914572864321608	0.914572864321608	0.8734257322070056
0.9158291457286433	0.9158291457286433	0.8739803508928727
0.9170854271356784	0.9170854271356784	0.8746314661079564
0.9183417085427136	0.9183417085427136	0.8750757215819149
0.9195979899497487	0.9195979899497487	0.875522103134387
0.9208542713567839	0.9208542713567839	0.8757081725395317
0.9221105527638191	0.9221105527638191	0.8799009951023307
0.9233668341708543	0.9233668341708543	0.8838318230559602
0.9246231155778895	0.9246231155778895	0.8849930417172653
0.9258793969849246	0.9258793969849246	0.886564645986162
0.9271356783919598	0.9271356783919598	0.8902921901920623
0.928391959798995	0.928391959798995	0.8938782892446565
0.9296482412060302	0.9296482412060302	0.8943025652651408
0.9309045226130653	0.9309045226130653	0.8952963704998586
0.9321608040201005	0.9321608040201005	0.8976736520360558
0.9334170854271356	0.9334170854271356	0.8980624878248922
0.9346733668341709	0.9346733668341709	0.8989771359740599
0.9359296482412061	0.9359296482412061	0.9000534559827404
0.9371859296482412	0.9371859296482412	0.9032978841270374
0.9384422110552764	0.9384422110552764	0.9050771028287778
0.9396984924623115	0.9396984924623115	0.906268379760362
0.9409547738693468	0.9409547738693468	0.9067492619670401
0.9422110552763819	0.9422110552763819	0.9090993246920523
0.9434673366834171	0.9434673366834171	0.9129217289990567
0.9447236180904522	0.9447236180904522	0.9136684209569566
0.9459798994974874	0.9459798994974874	0.9148810917944624
0.9472361809045227	0.9472361809045227	0.9155322509767326
0.9484924623115578	0.9484924623115578	0.9178688140807635
0.949748743718593	0.949748743718593	0.9189387113331507
0.9510050251256281	0.9510050251256281	0.9211514043598389
0.9522613065326633	0.9522613065326633	0.9212066065575538
0.9535175879396985	0.9535175879396985	0.9214527311178635
0.9547738693467337	0.9547738693467337	0.9227173591416364
0.9560301507537688	0.9560301507537688	0.9228542101357662
0.957286432160804	0.957286432160804	0.9234496546183557
0.9585427135678392	0.9585427135678392	0.9248743626372742
0.9597989949748744	0.9597989949748744	0.926616722552551
0.9610552763819096	0.9610552763819096	0.9276169008391753
0.9623115577889447	0.9623115577889447	0.9294720143882519
0.9635678391959799	0.9635678391959799	0.9334042659375674
0.964824120603015	0.964824120603015	0.9352023945868957
0.9660804020100503	0.9660804020100503	0.9370238371956124
0.9673366834170855	0.9673366834170855	0.9370586037804208
0.9685929648241206	0.9685929648241206	0.9393098551796134
0.9698492462311558	0.9698492462311558	0.9433640869138836
0.9711055276381909	0.9711055276381909	0.9460973712358525
0.9723618090452262	0.9723618090452262	0.9474375341387169
0.9736180904522613	0.9736180904522613	0.9526353778082527
0.9748743718592965	0.9748743718592965	0.952989945339764
0.9761306532663316	0.9761306532663316	0.9535067306047065
0.9773869346733668	0.9773869346733668	0.9551087155760658
0.9786432160804021	0.9786432160804021	0.9562389999452078
0.9798994974874372	0.9798994974874372	0.9571287884516758
0.9811557788944724	0.9811557788944724	0.9575349573426476
0.9824120603015075	0.9824120603015075	0.9589984793957765
0.9836683417085427	0.9836683417085427	0.9621796545753056
0.9849246231155779	0.9849246231155779	0.9643572172192659
0.9861809045226131	0.9861809045226131	0.9665226111888233
0.9874371859296482	0.9874371859296482	0.9725758056015698
0.9886934673366834	0.9886934673366834	0.9827791456442339
0.9899497487437185	0.9899497487437185	0.9853338931110764
0.9912060301507538	0.9912060301507538	0.9886196779132886
0.992462311557789	0.992462311557789	0.9905394139971448
0.9937185929648241	0.9937185929648241	0.9908887548726665
0.9949748743718593	0.9949748743718593	0.9912512789921487
0.9962311557788944	0.9962311557788944	0.9971124724423035
0.9974874371859297	0.9974874371859297	0.9974056837528343
0.9987437185929648	0.9987437185929648	0.9999526824141005
Data type = PROTEIN
Expected	Expected	Observed
0.0	0.0	0.002804701984255429
0.2	0.2	0.009060819345736536
0.4	0.4	0.23697962848974963
0.6	0.6	0.4046364388575914
0.8	0.8	0.4198552120155993